0.60025 0.187851
0.493787 0.506075
0.56202 0.101371
0.121175 0.574422
-0.00041592 0.397556
0.224855 0.60634
-0.00417015 0.356236
0.509489 0.49017
0.442441 0.547375
0.00248021 0.412471
0.0439691 0.180269
0.0522645 0.51648
0.0155237 0.240778
0.109942 0.0971052
0.579343 0.130389
0.288809 0.605526
0.470644 0.0228966
0.597769 0.330569
0.273033 0.606989
0.0969847 0.558897
0.307359 0.602776
0.202625 0.603303
0.0634711 0.150383
0.462442 0.532988
0.0730778 0.538972
0.345344 -0.00417462
0.0208022 0.466296
0.594974 0.168706
0.114898 0.092459
0.296778 0.000550198
0.132052 0.580179
0.515373 0.483711
-0.00302659 0.377157
0.147726 0.587321
0.299966 0.604005
0.347093 -0.00420068
0.233834 0.607062
0.56187 0.419045
0.0789678 0.544384
0.530534 0.0646325
0.472619 0.0238825
0.229996 0.606788
0.584049 0.140191
0.108481 0.56678
0.0918225 0.555027
0.596411 0.335753
0.401721 0.571143
0.234376 0.607097
0.184711 0.59949
0.404057 0.569961
0.307478 -0.00114789
0.507941 0.491822
0.07666 0.542307
0.58707 0.147123
0.469468 0.0223199
0.568411 0.111048
0.267931 0.00697414
0.0680809 0.144132
0.492854 0.0353227
0.0904059 0.553926
0.0966148 0.110457
0.27184 0.607066
0.512295 0.487126
0.5725 0.117814
0.583071 0.13806
0.135318 0.074923
0.420753 0.00446798
0.034483 0.491511
0.0465353 0.509146
0.0408929 0.501304
0.0743907 0.54021
-0.00406363 0.340929
0.0792879 0.12996
0.526923 0.47012
0.375301 0.583093
0.424352 0.558788
0.0912433 0.116223
0.340847 -0.00406095
0.064231 0.149334
0.240808 0.607429
0.362213 0.588089
0.0742657 0.136142
0.57672 0.125361
0.538678 0.0727693
0.545253 0.0799518
0.519976 0.0551617
0.0537969 0.518346
0.411235 0.00220725
0.0189178 0.231756
0.527852 0.46897
0.00737525 0.431183
0.576152 0.124308
0.45324 0.0151123
0.3136 0.601601
0.166237 0.594179
0.338573 0.595635
0.560935 0.420676
0.0210927 0.466912
0.470461 0.526646
0.513591 0.485698
0.562423 0.418073
0.478204 0.520184
0.607046 0.272163
0.0669398 0.532924
0.526212 0.0606179
0.478611 0.0270099
0.455402 0.0159947
0.54351 0.0779897
0.15849 0.0577779
0.00332208 0.416122
0.0223822 0.469596
0.284086 0.606049
-0.001786 0.388322
0.473499 0.0243291
0.188451 0.600391
0.607536 0.243833
0.149635 0.588104
0.286212 0.00258974
0.0311332 0.485951
0.555349 0.0922419
0.607629 0.247793
0.298051 0.000328856
0.491556 0.0345105
0.403667 0.000666694
0.156679 0.59084
0.525629 0.471708
0.190792 0.0380197
0.481673 0.517175
0.561068 0.100013
0.512407 0.0490262
0.571098 0.401811
0.485205 0.0306988
0.350121 -0.00422164
0.117583 0.572365
0.451067 0.0142489
0.0226664 0.22257
0.476519 0.52162
0.509834 0.0470536
0.558606 0.0965872
0.176467 0.0462311
0.532271 0.0663025
0.584109 0.140322
0.00779988 0.264925
0.510329 0.489266
0.530752 0.465319
0.0171039 0.458043
0.160177 0.592111
0.507161 0.492646
0.553201 0.0894847
0.598718 0.326728
0.143253 0.585414
0.510388 0.489202
0.26975 0.607191
0.0620936 0.152304
0.607129 0.270818
0.245715 0.607587
0.320405 -0.00270605
0.0252424 0.475274
0.485131 0.0306561
0.607663 0.254882
0.542299 0.449812
0.0870211 0.120926
0.325092 -0.00313728
0.0260398 0.214873
0.164339 0.593549
0.586879 0.365532
0.506569 0.493269
0.31902 -0.00256502
0.112357 0.569225
0.449622 0.0136873
0.127958 0.0809605
0.00758832 0.431887
0.15721 0.0586565
0.208156 0.0291608
0.227198 0.606556
0.427213 0.00621437
0.438857 0.549751
0.315082 -0.00212998
0.583833 0.373457
0.344691 -0.00416228
0.508638 0.0461555
0.599653 0.185369
0.0634188 0.150456
0.549999 0.438478
0.59878 0.181918
0.543248 0.0776987
0.271756 0.00596667
0.503691 0.496258
0.17942 0.0444685
0.549988 0.438495
0.00144414 0.291915
0.572496 0.398993
0.00020869 0.298755
0.523899 0.0585497
0.0159161 0.239695
0.0474769 0.510392
0.516578 0.0523442
0.10295 0.103947
0.232043 0.606941
0.600934 0.190825
-0.000750741 0.395485
0.578047 0.387156
0.494859 0.0365986
0.142652 0.58515
0.304645 -0.000734221
0.593011 0.347483
0.523385 0.47442
0.0910208 0.554406
0.095512 0.111622
0.557326 0.0948548
0.305977 -0.0009319
0.571807 0.116632
0.171044 0.595702
0.144518 0.585963
0.423951 0.00531056
0.0828386 0.547749
0.385754 0.57867
0.149166 0.0643535
0.00736527 0.43115
0.0133269 0.44868
0.527404 0.469526
0.0197954 0.229539
0.0228837 0.222059
0.0306316 0.205109
0.355049 -0.00419
0.360699 -0.00405269
0.10154 0.105369
0.0894138 0.553145
0.0300784 0.484128
0.315089 0.601302
0.437644 0.550543
0.539684 0.0738304
0.411648 0.0022977
0.306375 0.60295
0.47761 0.520692
0.381765 -0.00256883
0.118426 0.572855
0.552031 0.435333
0.139534 0.0715988
0.0115003 0.443728
0.00799119 0.4332
0.582694 0.376283
0.102375 0.104526
0.127818 0.0810784
0.400739 0.571633
0.0396343 0.187856
0.402435 0.570784
0.514188 0.0504246
0.553645 0.0900469
-0.00346751 0.329356
0.559168 0.423708
0.558934 0.0970361
0.140913 0.584376
0.601068 0.316229
0.427715 0.556774
0.119161 0.573279
0.313284 0.601664
0.245042 0.60757
0.539786 0.45333
0.586683 0.366057
0.370574 0.584966
0.593791 0.165061
0.592695 0.348499
0.423117 0.559516
0.491927 0.507842
0.0127025 0.447022
0.299335 0.000110825
0.474496 0.523322
0.570876 0.402252
0.0945873 0.557126
0.45024 0.541997
0.35937 -0.00409475
0.37681 -0.00305798
0.603237 0.304708
0.605262 0.290978
-0.00248399 0.318251
0.333261 -0.0037178
0.596478 0.173625
0.597825 0.178352
0.0112909 0.253247
0.024072 0.219303
0.0136288 0.44947
0.347749 0.592928
0.571398 0.115942
0.263267 0.607487
0.0993053 0.107655
0.538644 0.4549
0.104627 0.102275
0.367895 0.585993
0.606821 0.230422
0.224898 0.606344
0.500968 0.499029
0.541531 0.450897
-0.00135813 0.391444
-0.000309356 0.301904
0.607666 0.254367
0.476475 0.521657
0.00264437 0.285952
0.505807 0.494067
0.57597 0.123974
0.430238 0.555231
0.0503156 0.169849
0.512494 0.486908
0.436692 0.00909979
0.278522 0.00430145
0.384373 0.579277
0.00706756 0.430153
0.5281 0.0623468
0.206252 0.0300756
0.546315 0.444011
0.55766 0.426245
-0.00372918 0.367734
0.398739 -0.000217472
0.0192438 0.230927
0.0548132 0.519563
0.385734 0.578679
0.486624 0.512752
0.00441155 0.278055
0.264517 0.60744
0.365424 0.586918
0.0529758 0.165697
0.597638 0.177674
0.547974 0.441545
0.293822 0.00108441
0.550446 0.0860646
0.582884 0.375816
0.419535 0.561591
0.0645482 0.148899
0.0905416 0.116994
0.435302 0.00865208
0.0698612 0.141787
0.526196 0.0606032
0.116976 0.0905586
0.202078 0.603205
0.538594 0.0726815
0.403844 0.000700195
-0.00223897 0.316027
0.235803 0.0173605
0.120052 0.573788
0.38953 -0.00162461
0.00354382 0.28182
0.523599 0.474164
0.193623 0.601545
-0.00408747 0.341694
0.0218183 0.468432
0.548657 0.0839112
0.578437 0.38628
0.223527 0.0222621
0.484651 0.514533
0.510076 0.489539
0.588794 0.151355
0.555162 0.0919983
0.534225 0.0682227
0.386748 -0.00198817
0.0865116 0.121505
0.146389 0.0663941
0.386076 -0.00207167
0.48398 0.515133
0.0644986 0.530394
0.287557 0.00231006
0.402969 0.000535868
0.602034 0.195974
0.463491 0.532178
0.371946 0.584431
0.516018 0.0518901
0.0242757 0.473395
0.350214 -0.0042218
0.597445 0.176984
-0.00422017 0.349587
0.184269 0.0416545
0.523658 0.474092
0.252917 0.0113963
0.552855 0.0890478
0.059442 0.524905
0.0439564 0.505644
0.0391963 0.49881
0.588183 0.361951
0.0627891 0.528576
0.300684 0.603894
0.100622 0.106304
-0.00388921 0.336537
0.588195 0.361918
0.306598 0.602911
0.561493 0.419706
0.0911778 0.116295
0.108505 0.0984834
-0.00250196 0.31842
0.0692713 0.535273
0.606034 0.284232
0.302754 -0.000443782
-0.00151163 0.31013
0.527079 0.0614076
0.0546812 0.163096
0.560151 0.422031
0.0815758 0.546667
0.543937 0.078466
0.24889 0.607645
0.472706 0.0239265
0.374631 0.583364
0.432818 0.553625
0.039131 0.498713
0.545578 0.0803219
0.120996 0.0869598
0.506502 0.0445794
0.544522 0.0791231
0.0996377 0.560803
0.487963 0.0323223
0.535167 0.459582
0.0889312 0.552762
0.153698 0.0611055
0.52103 0.0560575
0.405347 0.000989497
0.0158078 0.239993
0.0127331 0.447104
0.06747 0.533464
0.408966 0.00172176
0.598137 0.3291
0.160213 0.592124
0.498247 0.038819
-0.00386964 0.336126
0.224387 0.0219011
0.28396 0.00307107
0.021497 0.225358
0.00273969 0.413621
0.000819699 0.295267
0.0351157 0.492525
0.544575 0.446553
0.512574 0.48682
0.107533 0.0994239
0.351677 -0.00422048
0.543533 0.0780151
0.0543756 0.519041
0.454864 0.53867
0.442927 0.0112155
0.59245 0.349279
0.56976 0.113226
0.591172 0.157578
0.239419 0.0160169
0.596553 0.173878
0.431309 0.554568
0.506026 0.493838
0.54659 0.443605
0.316527 0.601007
0.286468 0.605794
0.429405 0.00684701
0.57697 0.389541
0.101848 0.105058
0.059876 0.525389
0.539639 0.453533
0.0205444 0.465746
0.193261 0.0366888
0.532356 0.066385
0.299437 9.3758e-05
0.0668749 0.145742
0.379994 0.581156
-0.00375134 0.333852
0.44508 0.545587
0.0494535 0.17122
0.397703 0.573127
0.564033 0.104312
0.531807 0.463968
0.506965 0.492853
0.47589 0.0255641
0.468142 0.528516
0.495343 0.504579
0.185124 0.0411679
0.548822 0.0841085
0.0320888 0.20216
0.194323 0.0361235
0.43044 0.00715281
0.1494 0.588009
0.405416 0.00100285
0.522397 0.475599
0.136761 0.0737748
0.195582 0.0354593
0.394227 -0.000946333
0.606515 0.226739
0.568683 0.406539
0.0686875 0.143329
0.137865 0.0729035
0.0026964 0.413431
0.180227 0.0439938
0.60767 0.253062
0.312251 -0.00178615
0.532596 0.0666188
0.155035 0.060166
0.048889 0.51223
0.109206 0.567245
0.473442 0.524198
0.144683 0.0676668
0.550811 0.43723
0.0620361 0.527763
0.125173 0.576619
0.341844 0.594702
0.245759 0.607588
0.558375 0.425047
0.235133 0.0176144
0.532593 0.0666164
0.533303 0.0673112
-0.00166778 0.389211
0.189367 0.600603
0.606094 0.222405
0.351495 -0.00422103
0.138372 0.0725058
0.601506 0.193441
0.0256708 0.476094
0.0446063 0.179187
0.3842 -0.00229625
0.22466 0.0217873
0.0443368 0.506169
0.469736 0.527234
0.356072 -0.00417318
0.0324846 0.201371
0.225702 0.606421
0.445391 0.545374
0.233213 0.0183506
0.270339 0.00633415
0.341727 0.594736
0.0631631 0.528977
0.0574151 0.522605
0.047435 0.174484
0.0409249 0.50135
0.420909 0.560801
0.54514 0.0798226
0.0953854 0.111756
0.499521 0.500478
0.00561235 0.273146
0.089749 0.11787
0.570838 0.402328
0.000210191 0.298746
0.032498 0.201344
0.366788 0.586411
0.389179 -0.00167201
0.554626 0.431216
0.076421 0.542088
0.261615 0.00874329
0.183085 0.59908
0.53955 0.0736889
0.50748 0.49231
0.101868 0.562364
0.539002 0.0731093
0.453836 0.539419
0.331692 -0.00362324
0.0636972 0.15007
0.467341 0.021296
0.467538 0.0213897
0.568337 0.11093
0.578088 0.127949
0.366086 0.586673
0.58964 0.357803
0.58664 0.146101
0.0696506 0.535649
0.18531 0.599638
0.0512088 0.168441
0.56625 0.107662
0.0411016 0.501606
0.253877 0.0110909
0.418081 0.562418
0.047329 0.510197
0.0119135 0.444876
0.0884569 0.552384
0.410338 0.566679
-0.00166196 0.389254
0.0640281 0.529897
0.144214 0.0680196
0.23772 0.607287
0.550365 0.0859667
0.483552 0.515514
0.204356 0.603605
0.0985442 0.108442
0.0467456 0.175616
0.586112 0.36758
0.0554425 0.520308
0.369344 -0.00363111
0.280054 0.606438
0.0032511 0.415822
0.44092 0.54839
0.292699 0.605041
0.0355308 0.493184
0.606757 0.229593
0.522978 0.0577406
0.0974742 0.109556
0.445586 0.0121719
0.178546 0.0449864
0.00981174 0.258012
0.0275436 0.211592
0.504373 0.043045
0.0697998 0.141868
0.601306 0.315071
0.354667 -0.00419538
-0.00347064 0.37171
0.516097 0.482895
0.0180297 0.234046
0.607631 0.247939
0.000178675 0.298932
0.516573 0.482356
0.479641 0.0275691
0.0761364 0.133809
0.0800929 0.128993
0.0125615 0.446643
0.605477 0.289224
0.584067 0.372869
0.365278 0.586972
0.5963 0.173025
0.352762 -0.00421485
0.431196 0.554638
0.603122 0.305382
0.388577 -0.00175236
0.594695 0.16783
0.376318 -0.00310185
0.604592 0.295998
0.606448 0.225994
0.509588 0.0468678
0.5069 0.0448707
0.384856 -0.00221924
0.607668 0.251588
0.300997 0.603844
0.0904486 0.117097
0.447032 0.544244
0.405686 0.00105598
0.126971 0.0817935
0.0824967 0.126143
0.562246 0.418385
0.0294132 0.48296
0.543289 0.448404
0.497229 0.502743
0.0430963 0.504445
0.123821 0.0844904
0.471731 0.525609
0.0617468 0.152792
0.537199 0.0712324
0.600277 0.187966
0.487314 0.512123
0.358806 0.589293
0.539934 0.0740966
0.0646912 0.148703
0.208642 0.0289292
0.187092 0.0400604
0.607084 0.234184
0.574693 0.39444
0.0147043 0.243075
0.00893207 0.436174
-0.000505961 0.303153
0.403857 0.570063
0.176631 0.597346
0.12569 0.0828833
0.111605 0.095528
0.383732 -0.00235029
0.0861377 0.12193
0.427099 0.557147
0.0789056 0.544329
-0.00274083 0.380121
0.601223 0.19213
0.583574 0.139149
0.587253 0.147563
0.0708358 0.140519
0.575008 0.122224
0.457217 0.536938
0.598767 0.181868
0.468784 0.0219881
0.197545 0.60235
-0.00405881 0.340782
0.0611575 0.526806
0.380033 -0.00274978
0.0249891 0.217219
0.0341439 0.198111
0.055216 0.162291
0.494469 0.505421
0.607663 0.254887
0.00988667 0.439072
0.596721 0.174451
0.594365 0.342994
0.6048 0.211958
0.0148878 0.45268
0.509748 0.0469888
0.501183 0.0408098
0.0944174 0.112787
0.460784 0.0182928
0.591251 0.157792
0.144459 0.0678348
0.481633 0.028668
0.127475 0.577841
0.371762 -0.00346692
0.460055 0.0179728
0.454944 0.015806
0.600348 0.319621
0.00567997 0.272878
0.089222 0.118456
0.607639 0.248455
0.45883 0.535733
0.401215 0.000215209
0.604318 0.297895
0.196079 0.602056
0.520531 0.0556321
0.0191207 0.462642
0.172662 0.596192
0.0328381 0.488823
0.0283546 0.48107
0.108902 0.0981011
0.492653 0.507155
-0.00421856 0.352141
0.0291646 0.208148
0.00593754 0.271869
0.319917 0.600284
0.570088 0.113765
0.58903 0.151951
0.46097 0.534114
0.539953 0.0741163
-0.00298336 0.377627
0.315519 -0.00218072
0.135733 0.581974
0.040276 0.186707
0.607587 0.245734
0.518829 0.479776
0.296052 0.604585
0.568148 0.407562
0.0972473 0.559088
0.571651 0.116368
-0.000747443 0.395506
0.0797469 0.129408
0.474398 0.523403
0.58491 0.142109
0.541108 0.451489
0.297087 0.604436
0.11099 0.096109
0.217003 0.025085
0.605449 0.289456
0.418241 0.562327
0.607556 0.261049
0.604884 0.293884
0.0989651 0.108006
0.0369637 0.192747
0.110918 0.0961766
0.269727 0.00649497
0.409946 0.566888
0.495842 0.0372346
0.310629 -0.00157751
0.490074 0.0335979
0.569563 0.112904
0.0390201 0.498548
0.00296521 0.284449
0.0371689 0.192365
0.561846 0.419087
0.0782493 0.543743
0.00207678 0.410634
0.31458 -0.00207086
0.59608 0.336966
0.412996 0.565243
0.37229 -0.00342833
0.111018 0.0960822
0.489725 0.509903
0.295302 0.000813443
0.584694 0.141625
0.0651362 0.531062
0.457156 0.0167274
0.309621 0.602365
0.544229 0.447053
0.0970567 0.558949
0.23492 0.0176956
0.548102 0.441353
0.581419 0.134579
-0.00116935 0.392744
0.571667 0.40067
0.0874101 0.120487
0.606065 0.283926
0.326452 -0.0032491
0.137835 0.582966
0.484666 0.0303877
0.12462 0.576321
0.532353 0.463265
-0.00171586 0.311697
0.481268 0.0284648
0.144922 0.0674878
0.579886 0.382971
0.0742647 0.540092
0.114372 0.0929439
0.590359 0.155395
0.552752 0.434201
0.581936 0.135654
0.0185456 0.461355
0.573267 0.397415
0.149445 0.0641506
0.346946 0.593176
0.0834667 0.548282
0.52021 0.0553599
0.415882 0.00326524
0.580612 0.132927
0.0519266 0.516064
0.251732 0.607669
0.242203 0.607482
0.36095 0.58854
-0.00189631 0.313135
0.12093 0.0870183
0.161666 0.0556324
0.0752623 0.134894
0.459914 0.0179115
0.508591 0.491131
-0.00375012 0.33383
0.539492 0.073627
-0.00251035 0.382304
0.235574 0.607169
0.384054 -0.00231324
0.112752 0.569469
0.523503 0.474279
0.542317 0.076672
0.480694 0.0281471
0.0560401 0.52101
0.491699 0.0345998
0.47573 0.522286
0.172846 0.0484425
0.171182 0.0494777
0.0950973 0.112062
0.550765 0.0864544
0.507583 0.492201
0.232403 0.606966
0.0816489 0.546731
0.553956 0.43229
0.596557 0.173893
0.228412 0.60666
0.141518 0.0700679
0.116358 0.571645
0.0207891 0.227079
0.388565 0.577413
0.607654 0.255871
0.471775 0.525573
0.378625 -0.00288897
0.566625 0.410439
0.0729677 0.538867
0.503746 0.496202
0.283928 0.00307805
0.569407 0.405139
0.0495567 0.513087
0.258036 0.00980423
0.0597682 0.525269
0.592418 0.161047
0.57522 0.122608
0.101354 0.105558
0.420602 0.560978
0.0344606 0.197498
0.159755 0.591961
0.111653 0.568788
0.562722 0.102387
0.409509 0.00183624
0.607645 0.2489
0.00120867 0.293156
0.45666 0.53735
0.0663127 0.532281
0.604753 0.294846
0.563501 0.416155
0.190631 0.60089
0.0424254 0.182924
0.116557 0.0909393
0.224331 0.606289
-0.00417775 0.345523
0.0464475 0.176108
0.113844 0.0934333
0.0117637 0.251774
0.373134 0.583962
0.516751 0.482154
0.0242701 0.473384
0.102716 0.104183
0.294831 0.000898817
0.54011 0.0742837
0.373327 0.583885
0.454367 0.539033
0.506836 0.492989
0.151153 0.0629173
0.0141495 0.450813
0.0842036 0.124153
0.0800014 0.129103
0.22286 0.606141
0.508951 0.490747
0.0295207 0.207404
0.348227 0.59278
0.523171 0.474676
0.17465 0.596778
0.528993 0.467544
0.0460185 0.508454
0.549486 0.439262
0.507382 0.492414
0.54262 0.449357
0.346777 0.593228
0.539389 0.453878
0.419367 0.561687
0.47601 0.52205
0.045726 0.177307
0.340783 0.595008
0.00767544 0.432173
-0.00300053 0.377441
0.251798 0.0117558
0.160544 0.592241
0.0407586 0.185848
0.353828 -0.00420546
0.00818677 0.263552
0.518809 0.479799
0.00834416 0.43433
0.272176 0.607045
0.482085 0.0289203
0.267074 0.00720643
0.0519481 0.167287
0.0810014 0.127909
0.360416 0.588729
-0.00218704 0.385126
0.270236 0.00636122
0.0678969 0.533896
0.00464315 0.421432
0.603333 0.202791
0.519228 0.0545319
0.378573 0.581751
0.486903 0.512499
0.533883 0.461274
0.0760497 0.133916
0.228898 0.6067
0.314564 0.601409
0.0177362 0.459511
0.0515159 0.167961
0.548686 0.440474
0.117114 0.0904331
0.00683718 0.429372
0.000139047 0.299167
0.175935 0.597148
0.103699 0.103198
0.0821766 0.547184
0.067809 0.533808
0.530396 0.465772
-0.00255775 0.381868
0.0457679 0.508117
0.477568 0.520728
0.17769 0.0454967
0.602186 0.31058
0.0594226 0.524883
0.466205 0.530055
0.411917 0.56583
0.0886844 0.119055
0.317842 -0.00244016
0.31343 0.601635
-0.0033905 0.372795
0.581782 0.135333
0.258774 0.00958212
0.0896056 0.118029
0.60429 0.298085
0.464522 0.019977
0.001393 0.292182
0.605819 0.286246
0.521946 0.476133
0.0327186 0.488624
0.402655 0.570673
0.590047 0.154574
0.525705 0.471615
0.239547 0.0159703
0.0902716 0.553821
0.136059 0.0743322
0.385531 -0.00213822
0.230074 0.606794
-0.00300881 0.377351
0.136075 0.0743193
0.0390968 0.498662
0.104822 0.102082
0.149368 0.0642068
0.44063 0.0104155
0.554116 0.432034
0.596683 0.334739
0.507783 0.491989
0.607416 0.240506
0.073665 0.136899
0.607222 0.236492
0.263852 0.00810168
0.355299 0.590491
0.145365 0.0671564
0.606539 0.227006
0.388409 -0.00177447
0.176527 0.597317
0.585108 0.370209
0.526032 0.0604549
0.605893 0.285564
0.0266328 0.477909
0.167797 0.0516207
0.101555 0.562147
0.463179 0.0193633
0.202831 0.0317543
0.391033 -0.00141644
0.270219 0.607164
0.0932643 0.114026
0.581853 0.135481
0.0830966 0.547969
0.460723 0.534302
0.554025 0.0905323
0.193313 0.601479
0.52306 0.057812
0.604721 0.295078
0.503635 0.0425208
0.118225 0.572739
0.00675178 0.26876
0.472545 0.524941
0.431015 0.00732491
0.574241 0.120853
0.0144796 0.243714
0.097787 0.109229
0.345682 -0.00418044
0.278382 0.606583
