0.1 0.1
0.100947 0.188369
0.116776 0.231641
0.133854 0.265506
0.150241 0.294827
0.165137 0.321815
0.178221 0.347654
0.189424 0.372998
 0.19883 0.398179
0.206621 0.423322
0.213036 0.448419
0.218338 0.473388
0.222796 0.498107
 0.22667 0.522439
0.230205 0.546251
0.233628 0.569418
0.237145 0.591824
0.240944  0.61337
0.245198 0.633964
 0.25006 0.653524
0.255668 0.671977
0.262145  0.68926
0.269592 0.705324
0.278094 0.720128
0.287717 0.733652
0.298511 0.745891
0.310504 0.756861
0.323707 0.766602
0.338115 0.775178
0.353707 0.782674
0.370454 0.789198
0.388311 0.794883
0.407221 0.799884
0.427118 0.804376
0.447922 0.808553
0.469538 0.812625
0.491857  0.81682
0.514749 0.821376
0.538075 0.826539
 0.56169 0.832552
 0.58546 0.839644
0.609292  0.84801
0.633173 0.857785
0.657224 0.869003
0.681788 0.881536
 0.70754 0.895013
0.735706 0.908654
0.768577 0.920863
0.811171 0.927893
0.9 0.9
