0.1 0.1
0.127562 0.112858
0.133268 0.133275
0.134989 0.155884
0.135668 0.179765
0.136672 0.204394
0.138708 0.229392
 0.14212 0.254457
0.147031 0.279334
0.153413 0.303803
0.161143  0.32767
0.170028 0.350762
0.179834 0.372925
0.190295  0.39402
0.201132 0.413917
0.212056 0.432497
0.222775 0.449648
0.232993  0.46526
0.242418 0.479224
0.250754 0.491432
0.257707 0.501771
0.262974 0.510124
0.266248 0.516366
0.267335 0.520458
0.266515 0.522708
0.264195 0.523521
0.260784  0.52331
0.256701 0.522496
 0.25237 0.521514
0.248228 0.520814
0.244722 0.520865
0.242314 0.522153
0.241479 0.525183
0.242707 0.530482
0.246359 0.538444
0.252224 0.548881
0.259938 0.561443
0.269116 0.575767
0.279363 0.591475
0.290262 0.608171
0.301388 0.625447
0.312297  0.64288
0.322538 0.660032
0.331652 0.676456
0.339172 0.691697
0.344758 0.705418
0.348585 0.717782
0.350964 0.729083
0.352215 0.739619
0.352669 0.749694
 0.35266 0.759614
0.352527 0.769685
0.352609  0.78021
0.353246 0.791491
0.354771 0.803822
0.357514 0.817492
 0.36172 0.832626
0.367325 0.848731
0.374185 0.865168
0.382156 0.881309
0.391096 0.896544
0.400862 0.910283
0.411314 0.921956
0.422315 0.931017
0.433732 0.936944
0.445435 0.939237
0.457298  0.93742
0.469225 0.931238
 0.48123 0.921264
0.493351 0.908252
0.505623  0.89293
0.518081 0.876001
0.530756 0.858145
0.543676 0.840016
0.556869  0.82225
0.570357 0.805464
 0.58416 0.790263
0.598295 0.777244
0.612769 0.766871
0.627546 0.759125
0.642583 0.753872
0.657832 0.750987
0.673243 0.750353
0.688766 0.751856
0.704345 0.755383
0.719926 0.760819
0.735451 0.768042
0.750861  0.77692
0.766099 0.787306
0.781106 0.799032
0.795826 0.811907
0.810205 0.825704
0.824191  0.84016
0.837738 0.854958
0.850804 0.869708
0.863346 0.883913
0.875309 0.896895
0.886584 0.907601
0.896796 0.913906
0.9 0.9
0.1 0.1
0.100066  0.13401
0.102635 0.161445
0.104646 0.187508
 0.10603 0.212326
0.106854 0.235895
0.107214 0.258225
0.107213  0.27936
0.106951  0.29937
0.106521  0.31835
0.106014 0.336412
0.105513 0.353677
0.105094 0.370273
0.104829 0.386333
0.104786  0.40199
 0.10503 0.417376
0.105623 0.432624
0.106625 0.447863
0.108099 0.463221
0.110106 0.478825
 0.11271 0.494802
0.115979 0.511282
0.119984 0.528393
0.124771 0.546199
0.130278 0.564491
0.136416 0.582985
0.143093 0.601392
0.150218 0.619414
0.157698 0.636743
0.165433 0.653063
0.173323 0.668046
0.181258 0.681354
0.189125 0.692636
0.196805  0.70153
0.204174 0.707805
0.211126 0.711778
0.217552 0.713921
0.223339 0.714728
0.228371 0.714708
0.232528 0.714392
0.235689 0.714326
0.237732 0.715071
0.238535 0.717199
0.237978 0.721292
0.235944 0.727935
0.232406 0.737516
 0.22768 0.749637
 0.22218 0.763685
0.216324 0.779033
0.210538 0.795043
 0.20525 0.811071
0.200887 0.826472
0.197871 0.840602
0.196619 0.852827
0.197537 0.862525
0.201019 0.869086
0.207338 0.872119
 0.21632 0.872013
0.227679 0.869359
0.241128  0.86474
0.256378 0.858736
0.273145 0.851916
0.291146 0.844835
0.310107 0.838035
0.329759  0.83204
0.349844 0.827357
0.370112 0.824476
0.390337 0.823737
0.410365  0.82495
0.430064 0.827804
0.449307 0.831997
0.467971 0.837237
0.485937 0.843247
0.503088 0.849757
0.519307 0.856507
0.534479 0.863247
0.548487  0.86973
0.561215 0.875717
0.572601 0.881015
0.582813 0.885615
 0.59207 0.889548
0.600589 0.892842
0.608587 0.895523
0.616282 0.897613
0.623899 0.899135
0.631667 0.900112
0.639822 0.900569
0.648607 0.900536
0.658274  0.90005
0.669075 0.899158
0.681266  0.89792
0.695099 0.896415
0.710814 0.894745
0.728636 0.893044
0.748761 0.891485
0.771354   0.8903
0.796552 0.889806
0.824508 0.890459
0.855706 0.893022
0.9 0.9
0.1 0.1
 0.13688 0.142014
0.156131  0.17671
0.171184 0.209964
0.183263 0.241479
 0.19287 0.270962
0.200306 0.298236
0.205798 0.323227
0.209537 0.345944
0.211697 0.366454
 0.21244 0.384867
0.211918 0.401325
0.210276  0.41599
0.207652 0.429037
0.204174 0.440645
0.199963 0.450996
0.195131  0.46027
0.189784 0.468643
 0.18402 0.476284
0.177931  0.48336
0.171602  0.49003
0.165117 0.496451
0.158553 0.502776
0.152008 0.509119
0.145661  0.51544
0.139713 0.521653
0.134374 0.527674
0.129855 0.533415
0.126377 0.538789
0.124169 0.543705
0.123467 0.548076
0.124516 0.551811
0.12757 0.55482
0.132888 0.557015
0.140629 0.558384
 0.15053 0.559244
0.162206 0.560005
0.175254  0.56109
0.189252 0.562938
0.203765 0.565997
0.218337 0.570728
0.232501 0.577596
0.245778 0.587071
0.257677 0.599624
0.267706 0.615721
0.275495 0.635609
0.281192 0.658664
0.285084 0.684026
0.287468 0.710815
 0.28865 0.738138
0.288943 0.765095
0.288667 0.790783
0.288141 0.814308
0.287688 0.834786
0.287627 0.851354
0.288275  0.86317
0.289879 0.869697
 0.29243 0.871511
0.295856 0.869467
 0.30008 0.864417
0.305027 0.857203
0.310622 0.848654
0.316787 0.839582
0.323446 0.830775
0.330524    0.823
0.337946 0.816995
0.345637 0.813476
0.353559 0.812923
 0.36181 0.814964
0.370517 0.819035
0.379802  0.82459
0.389784   0.8311
0.400576 0.838056
0.412287 0.844968
0.425026 0.851357
0.438899 0.856758
0.454009 0.860719
0.470462 0.862794
0.488319 0.862681
0.507482 0.860622
0.527814 0.856985
0.549178 0.852136
0.571437 0.846436
0.594451 0.840247
0.618074 0.833931
0.642155 0.827853
0.666533 0.822381
0.69104 0.81788
0.715494  0.81471
0.739707 0.813219
0.763476 0.813732
0.786587 0.816536
0.808816 0.821858
0.829922 0.829837
0.849647  0.84048
  0.8677 0.853595
0.883719 0.868676
0.897155 0.884661
0.906784 0.899232
0.9 0.9
0.1 0.1
0.096257 0.148341
0.114596 0.178564
 0.13632 0.204359
0.157971  0.22684
0.177923 0.246486
0.195346 0.263638
0.209862 0.278604
0.221373 0.291684
0.229972  0.30318
0.235879 0.313388
0.239403 0.322605
0.240912 0.331115
0.240812 0.339199
0.239533 0.347123
0.237519 0.355146
0.235218 0.363516
0.233082 0.372473
0.231565 0.382251
 0.23112 0.393079
0.232201 0.405187
0.235268 0.418807
0.240787 0.434174
0.249051 0.451433
0.259631 0.470335
0.271901 0.490528
0.285225 0.511656
0.298946 0.533358
0.312386 0.555263
0.324846 0.576993
0.335597 0.598155
0.343885 0.618345
0.348926 0.637145
0.349909  0.65412
0.346269 0.668927
0.338526 0.681629
0.327502 0.692402
0.314049 0.701425
0.299051 0.708889
0.283426 0.714994
0.268121 0.719948
0.254111 0.723968
0.24239 0.72728
0.233971 0.730116
0.229875 0.732716
0.230841  0.73531
0.236448 0.738076
0.245966 0.741178
 0.25864 0.744783
  0.2737 0.749054
0.290363  0.75415
0.307837 0.760229
0.325331 0.767441
0.342057 0.775933
0.357239 0.785843
0.370113 0.797302
0.380143 0.810302
0.387627 0.824301
0.393074 0.838628
0.396988  0.85263
0.399872 0.865668
0.402217 0.877123
0.404505 0.886398
0.407204  0.89292
0.410768  0.89614
0.415635 0.895533
0.422225 0.890595
0.430831 0.881079
0.441273 0.867688
0.453266 0.851336
 0.46653 0.832905
0.480794 0.813247
0.495796 0.793185
0.511279 0.773514
0.526992 0.755008
0.542693 0.738424
0.558139 0.724501
0.573093 0.713971
0.587373 0.707377
0.601005 0.704538
0.614068 0.705104
0.626635  0.70874
 0.63878 0.715117
0.650577  0.72391
0.662102 0.734794
0.673435 0.747438
0.684662 0.761506
0.695877 0.776649
0.707183 0.792508
0.718692 0.808712
0.730532 0.824881
0.742842 0.840626
0.755782 0.855561
0.769534 0.869303
0.784313  0.88149
0.800386 0.891781
0.818114 0.899866
0.838077 0.905431
0.861549 0.907934
0.9 0.9
0.1 0.1
0.117505 0.107238
0.137244 0.114428
0.156934 0.122189
0.175472  0.13145
0.192266 0.142708
0.207003 0.156196
0.219544 0.171977
0.229868 0.189996
0.238035 0.210117
0.244164  0.23215
0.248412 0.255867
0.250967 0.281016
0.252029 0.307337
0.251813 0.334561
0.250535 0.362421
0.248414 0.390655
0.245668 0.419006
0.242509 0.447223
0.239149 0.475064
0.235795 0.502287
0.232652 0.528658
0.229926 0.553939
0.227755 0.577914
0.226021 0.600439
0.224536  0.62139
0.223104 0.640635
0.221523 0.658037
0.219583 0.673449
0.217068  0.68672
0.213752  0.69769
0.209402 0.706192
0.203776 0.712054
0.196626   0.7151
0.187819 0.715261
0.177706 0.712909
0.166776 0.708547
0.155536 0.702698
0.144512 0.695908
0.134245 0.688743
0.125291  0.68179
0.118218 0.675651
0.113603 0.670942
0.112026 0.668289
0.114072 0.668324
0.120118 0.671499
0.129729 0.677537
0.142245 0.685965
 0.15699 0.696296
0.173275 0.708028
  0.1904 0.720654
0.207663 0.733657
 0.22436 0.746521
0.239797 0.758733
0.253289 0.769784
0.264164 0.779174
0.272018  0.78655
0.277432 0.792108
0.281229 0.796179
0.284222 0.799093
 0.28721 0.801176
0.290973 0.802751
0.296268 0.804133
0.303827 0.805631
0.314359 0.807544
0.328543 0.810163
0.347037 0.813772
0.370184 0.818529
0.397174 0.824138
0.426941 0.830196
0.458452  0.83632
0.490713 0.842138
0.522759  0.84729
0.553656 0.851428
0.582495 0.854213
0.608384 0.855316
0.630448  0.85441
0.647825 0.851178
0.659926 0.845448
 0.66723 0.837624
0.670468 0.828247
0.670355 0.817852
0.667604 0.806971
0.662928  0.79614
0.657048 0.785894
0.650697 0.776771
0.644624 0.769306
0.639589 0.764027
0.636363 0.761439
0.635717 0.762017
0.638411 0.766179
0.645171 0.774256
0.656666 0.786456
0.673467 0.802801
0.696002 0.823042
0.724492 0.846529
0.758865 0.871963
0.798658 0.896883
0.843039 0.916093
0.9 0.9
0.1 0.1
0.105036 0.113428
0.115303 0.131158
0.125996 0.149698
0.136303 0.168545
0.145867 0.187454
0.154522 0.206279
0.162211 0.224925
0.168943 0.243328
 0.17477 0.261442
0.179775 0.279236
 0.18406 0.296689
0.187741 0.313787
0.190944 0.330522
0.193798 0.346888
0.196435 0.362884
0.198992 0.378508
0.201603 0.393762
0.204404 0.408646
0.207533 0.423164
0.211128 0.437317
0.215327 0.451109
0.220274 0.464542
0.226039 0.477611
0.232405 0.490268
0.239072 0.502455
0.245735 0.514114
0.252077 0.525184
 0.25777 0.535606
0.262473 0.545317
0.265831 0.554257
0.267475 0.562362
0.267022  0.56957
0.264076 0.575818
0.258403 0.581084
0.250469  0.58552
0.240936 0.589328
 0.23049 0.592718
0.219844 0.595908
0.209729 0.599124
0.200902 0.602598
0.194133 0.606568
0.190209 0.611274
0.189922 0.616962
 0.19407 0.623874
0.203164 0.632181
0.216563 0.641763
0.233317 0.652416
0.252453 0.663932
 0.27298 0.676095
0.293901 0.688685
0.314214 0.701478
0.332922  0.71425
0.349042 0.726776
0.361608 0.738833
0.369678 0.750202
0.372656 0.760725
0.371214 0.770472
0.366344 0.779566
0.359026 0.788136
0.350228 0.796307
0.340899 0.804203
0.331962  0.81195
0.324313  0.81967
0.318815 0.827485
  0.3163 0.835514
0.317567 0.843875
0.323162 0.852616
0.332732 0.861503
0.345713 0.870242
0.361559 0.878552
0.379741 0.886162
0.399748 0.892812
0.421086 0.898247
0.443277 0.902221
0.465857 0.904491
0.488375 0.904816
0.510386 0.902959
0.531544 0.898781
0.551849 0.892532
0.571385  0.88455
 0.59023 0.875173
0.608461 0.864739
 0.62615 0.853589
0.643367 0.842071
0.660183 0.830546
0.676668 0.819383
0.692894 0.808965
0.708934 0.799689
0.724866 0.791959
0.740768 0.786185
0.756725 0.782781
 0.77282 0.782149
0.789145 0.784678
0.805791  0.79073
0.822855 0.800634
0.840442 0.814693
0.858684 0.833263
0.877818 0.857184
0.9 0.9
0.1 0.1
 0.117972 0.0804575
 0.128051 0.0849772
 0.135564 0.0951477
0.141171 0.109279
0.145222 0.126629
0.147975 0.146708
0.149646 0.169108
0.15043 0.19346
0.150508 0.219414
0.150046 0.246636
0.149203 0.274804
0.148126 0.303611
0.146955 0.332765
0.145821 0.361991
0.144851 0.391025
0.144163 0.419621
0.143874 0.447543
0.144098 0.474565
0.144945 0.500471
0.146529 0.525047
0.148962 0.548084
0.152362 0.569369
0.156783  0.58873
0.162022  0.60616
0.167803  0.62169
0.173848 0.635351
0.179868 0.647171
0.185569 0.657173
0.190642 0.665381
 0.19477 0.671818
0.197623 0.676507
0.198856 0.679472
0.198115 0.680742
0.195172 0.680399
0.19036 0.67873
0.184167 0.676089
0.177097 0.672844
0.169676 0.669377
0.162442 0.666086
0.155951  0.66338
0.150772 0.661679
0.147485  0.66141
0.146676 0.663006
0.148932 0.666902
 0.15468 0.673382
0.163674 0.682122
0.175491 0.692637
0.189692 0.704427
0.205824 0.716983
0.223426  0.72979
0.242029  0.74233
0.261163 0.754085
0.280358 0.764543
0.299148   0.7732
0.317076 0.779564
 0.33376 0.783303
0.349097  0.78468
0.363057 0.784106
0.375618 0.781992
0.386765 0.778743
0.396486 0.774757
0.404779 0.770426
0.411642  0.76613
0.417078 0.762236
0.421092 0.759101
 0.42369 0.757069
0.424968 0.756374
0.425387 0.756848
0.425477 0.758233
0.425753  0.76028
0.426708 0.762747
0.428818 0.765404
0.432546 0.768027
 0.43834 0.770404
0.446638 0.772327
0.457871 0.773595
0.472463 0.774013
0.490673 0.773458
0.512121 0.772071
0.536275 0.770058
0.562613 0.767625
0.590612 0.764981
 0.61975 0.762335
  0.6495 0.759903
 0.67933 0.757906
0.708705 0.756568
0.737089 0.756118
0.763951 0.756788
0.788779 0.758809
0.811091 0.762406
0.830461 0.767796
0.846545 0.775179
0.859126  0.78473
0.868172 0.796587
0.873928 0.810843
0.877065 0.827537
0.878979  0.84667
0.882574 0.868409
0.9 0.9
0.1 0.1
 0.137182 0.0996904
0.163191  0.10886
 0.18538 0.119344
0.203521 0.130512
0.217445 0.142181
0.227162 0.154291
 0.23283 0.166834
0.234717 0.179822
0.233172 0.193275
0.228594 0.207217
0.221416 0.221673
0.212089 0.236667
0.201068 0.252223
0.188809 0.268363
0.175759 0.285112
0.162356 0.302495
0.149026 0.320539
0.136188 0.339275
0.124249 0.358739
0.113615 0.378971
0.104689  0.40002
0.097878 0.421938
0.0934848  0.444738
0.091379 0.468241
0.0913182  0.492217
0.0930579  0.516436
0.0963507  0.540663
0.100945 0.564658
0.106584 0.588175
0.113003 0.610958
0.119929  0.63274
0.127078 0.653248
0.134155 0.672194
0.140897 0.689317
 0.14721 0.704497
0.153037 0.717643
 0.15832 0.728668
0.162999 0.737483
0.167011 0.744004
0.170291 0.748149
0.172775 0.749841
0.174401  0.74901
0.175104 0.745593
0.174825 0.739535
0.173594 0.730912
  0.1718 0.720289
0.169926 0.708367
0.168462 0.695857
0.167899 0.683479
0.168729 0.671956
0.171438 0.662004
0.176503 0.654332
0.184392 0.649637
0.195558 0.648596
0.210437 0.651864
0.229238 0.659826
0.251329 0.671867
0.275871 0.687128
0.302034 0.704753
0.329005   0.7239
 0.35599 0.743742
0.382219 0.763475
0.406946  0.78232
0.429454 0.799525
0.449055 0.814367
0.465086 0.826153
0.477138 0.834398
0.485719 0.839358
0.491547 0.841464
0.495313 0.841133
0.497686 0.838773
0.499307 0.834775
0.500799 0.829519
0.502762 0.823373
0.505779 0.816695
0.510416 0.809833
0.517231 0.803128
0.526621  0.79687
0.538394 0.791165
0.552218 0.786076
0.567769 0.781667
0.584728 0.778012
0.602781 0.775184
0.621615 0.773263
0.640925 0.772333
0.660405 0.772478
0.679762 0.773786
0.698712 0.776342
0.716995 0.780226
 0.73438 0.785515
0.750689  0.79227
0.765814  0.80054
0.779754 0.810348
0.792666 0.821686
0.804952 0.834506
0.817419 0.848703
0.831637 0.864106
0.851119 0.880494
0.9 0.9
0.1 0.1
0.111704 0.146128
0.124906  0.18171
0.138221 0.213667
0.151166 0.241677
0.163474 0.265559
0.174983 0.285351
0.185599 0.301267
 0.19527 0.313648
0.203976 0.322923
0.211722 0.329577
0.218528 0.334134
0.224426  0.33713
0.229457 0.339109
 0.23367 0.340613
0.237117 0.342175
0.239851 0.344317
0.241927 0.347553
  0.2434 0.352388
0.244321 0.359322
0.244742 0.368858
0.244711   0.3815
0.244274 0.397767
0.243468 0.417963
0.242297 0.441494
0.240757 0.467532
 0.23884 0.495233
0.236535 0.523736
0.233827  0.55216
0.230701 0.579598
0.227139 0.605114
0.223121  0.62774
0.218627 0.646473
0.213635  0.66028
 0.20815 0.668436
0.202281 0.671581
0.196167  0.67073
0.189954 0.666938
0.183791 0.661298
0.177834 0.654943
0.172245 0.649041
0.167189 0.644789
0.162832  0.64341
0.159345 0.646143
0.156898 0.654239
0.155662 0.668527
0.155803 0.688137
0.157481 0.711742
0.160856 0.737985
0.166079 0.765488
0.173296 0.792859
0.182645 0.818705
0.194257  0.84164
0.208251 0.860298
0.224738 0.873336
0.243821  0.87945
0.265478 0.877818
0.289246 0.869418
 0.31455 0.855674
0.340826 0.837997
0.367523 0.817782
0.394101 0.796393
0.420042 0.775162
0.444845 0.755382
0.468027   0.7383
 0.48913 0.725121
0.507713 0.717004
0.523467 0.714715
0.536551   0.7176
0.547233 0.724679
0.555769 0.735006
0.562408 0.747667
0.567384  0.76178
0.570921 0.776496
0.573229 0.790991
 0.57451 0.804467
0.574954 0.816145
0.574746 0.825262
0.574081 0.831265
 0.57322 0.834385
 0.57244 0.835037
0.572017 0.833631
0.572235 0.830569
0.573382 0.826256
0.575755 0.821098
0.579655 0.815503
0.585388 0.809888
0.593263 0.804673
0.60358 0.80028
0.616625 0.797133
0.632656 0.795646
0.651889 0.796215
0.674472 0.799204
0.700456 0.804925
0.729756 0.813614
0.762089 0.825388
0.796876 0.840196
0.833077 0.857737
0.868792  0.87734
0.9 0.9
0.1 0.1
0.0702082 0.0920203
0.0672945  0.105921
0.0689412  0.123543
0.0726189   0.14243
0.0772574  0.161501
0.0822829  0.180195
0.0873552  0.198223
0.0922643  0.215453
0.0968812  0.231856
 0.10113 0.247473
0.104973 0.262388
0.108397 0.276719
0.111408 0.290603
0.114026 0.304189
0.116283 0.317638
0.118216 0.331113
0.119868 0.344783
0.121289  0.35882
 0.12253 0.373398
0.123645 0.388696
0.124692 0.404899
0.125731 0.422197
0.126827  0.44069
0.128066 0.460079
 0.12954 0.479963
0.131343 0.499932
0.133574  0.51957
0.136335  0.53845
0.139729 0.556131
0.143864 0.572161
0.14885 0.58607
0.154798 0.597375
0.161822 0.605578
0.169999 0.610349
0.179256 0.612088
0.189477 0.611401
0.200539 0.608916
 0.21231 0.605287
0.224649 0.601189
0.237409 0.597321
0.250436   0.5944
0.263568 0.593156
0.276641 0.594332
0.289485 0.598676
0.301935 0.606715
0.313848 0.618089
0.325092 0.632197
0.335534 0.648419
0.345045 0.666121
0.353501 0.684661
0.360782 0.703388
0.366774 0.721652
0.371372 0.738809
0.374476 0.754219
0.375995 0.767258
0.375928 0.777464
  0.3746 0.784965
0.372416 0.790041
0.369775 0.792974
 0.36707 0.794049
0.364684 0.793549
0.362989 0.791755
0.362341 0.788942
0.363085  0.78538
 0.36555 0.781333
0.370052 0.777056
0.376787 0.772766
0.385526 0.768556
0.395942 0.764484
0.407716 0.760608
0.420541 0.756984
0.434115 0.753666
0.448147 0.750709
0.462354 0.748168
 0.47646 0.746099
0.490193  0.74456
0.503289 0.743611
0.515571 0.743305
0.527194 0.743663
0.538393 0.744701
0.549401 0.746438
 0.56045 0.748896
0.571772 0.752099
  0.5836 0.756071
0.596165 0.760836
0.609699 0.766416
0.624426  0.77283
0.640561 0.780092
0.658302 0.788207
0.677816 0.797171
 0.69923 0.806966
 0.72261 0.817557
0.747931 0.828886
0.775043 0.840862
0.803603 0.853351
0.832973 0.866151
0.861988 0.878941
0.888295 0.891125
0.9 0.9
0.1 0.1
0.0904713  0.123705
 0.10142 0.139864
0.115048 0.153804
0.128475 0.166405
0.140404 0.178154
0.150192 0.189391
0.157558 0.200382
0.162445 0.211349
 0.16494 0.222476
0.165229 0.233926
0.163564 0.245839
0.160237 0.258339
0.155571 0.271538
0.149902 0.285534
0.143574 0.300421
0.136934 0.316286
0.130328 0.333213
0.124102 0.351288
0.118601 0.370596
0.114171  0.39123
0.111161 0.413286
0.109924 0.436869
0.110703 0.462004
0.113261 0.488361
0.117235 0.515523
0.122259 0.543061
0.127955 0.570542
0.133938 0.597517
0.139813 0.623526
0.145169 0.648091
0.149581 0.670717
0.15261 0.69089
0.153801 0.708078
0.152826  0.72188
0.149927 0.732481
0.145502 0.740229
0.139964 0.745483
0.133738 0.748623
0.127266 0.750041
0.121004 0.750151
0.115417 0.749376
0.110983 0.748159
0.108185 0.746952
0.107509 0.746215
0.109318 0.746293
0.113457  0.74703
0.119632 0.748145
0.127542 0.749347
0.136871 0.750345
0.147301 0.750846
0.158508 0.750559
0.170163 0.749194
0.181942 0.746467
0.193519 0.742101
0.204575 0.735827
0.214872 0.727537
0.224484 0.717747
0.233559 0.707118
0.242246   0.6963
0.250691 0.685928
0.259041 0.676617
0.267436 0.668964
0.276013 0.663543
0.284905 0.660904
0.294241 0.661578
0.304143 0.666072
0.314702 0.674672
  0.3259 0.686841
0.337693 0.701858
0.350037 0.719029
0.362888  0.73769
0.376207 0.757199
0.389953 0.776941
0.404088  0.79632
0.418575  0.81476
0.433379 0.831699
0.448469 0.846584
0.463821 0.858995
0.479452 0.868997
0.495388 0.876773
0.511656 0.882493
0.528284 0.886326
  0.5453 0.888436
0.562737 0.888987
0.580623 0.888147
0.598992 0.886092
0.617874 0.883009
  0.6373 0.879102
0.657298 0.874595
0.677894  0.86974
0.699112  0.86482
0.720969 0.860161
0.743479 0.856143
0.766648 0.853216
0.790484 0.851944
0.815003 0.853069
0.840277 0.857711
0.866642 0.868061
0.9 0.9
0.1 0.1
0.117967 0.102553
0.132054 0.111694
0.14539 0.12218
0.158113 0.133844
0.170222 0.146653
0.181685 0.160558
0.192465  0.17548
0.202525 0.191313
0.211832 0.207929
0.220358 0.225184
0.228079 0.242925
0.234977 0.260992
0.241037 0.279224
0.246248 0.297461
  0.2506 0.315542
0.254086  0.33331
0.256696  0.35061
0.258421 0.367291
 0.25925 0.383204
0.259167 0.398199
0.258155 0.412128
0.256188 0.424843
0.253267 0.436262
0.249498 0.446578
0.245014 0.456058
 0.23995 0.464978
0.234437 0.473624
0.228611 0.482288
0.222608 0.491278
0.216568  0.50091
0.210637 0.511516
0.204964 0.523437
0.199703 0.537029
 0.19501 0.552519
0.191025 0.569585
0.187888 0.587751
 0.18574 0.606523
0.184729 0.625389
  0.185 0.64382
0.186702 0.661272
0.189982 0.677185
0.194987 0.690992
0.201859 0.702115
0.210737 0.709977
 0.22167 0.714194
0.234361 0.715175
0.248416 0.713542
0.263433 0.709933
0.279002 0.704996
0.294711 0.699389
0.310148 0.693772
0.324902 0.688802
0.338569 0.685131
0.350753 0.683399
0.361069 0.684232
0.369255 0.688045
0.375489 0.694465
0.380064 0.702927
0.383274 0.712868
0.385409 0.723735
0.386758 0.734984
0.387604 0.746085
0.388221 0.756525
0.388878 0.765808
0.389832 0.773458
0.391329 0.779016
0.393591 0.782174
0.396765 0.783154
 0.40098 0.782305
0.406352 0.779962
0.412998 0.776454
0.421026 0.772097
0.430541   0.7672
0.441649 0.762063
0.454452 0.756978
0.469052 0.752232
0.485549 0.748111
0.503989 0.744851
0.524186 0.742507
0.545902 0.741096
0.568899 0.740638
 0.59294 0.741156
0.617784 0.742678
0.643183 0.745234
0.668882 0.748853
0.694621 0.753565
0.720128 0.759393
0.745125 0.766358
0.769329  0.77447
0.792454 0.783727
0.814218 0.794109
0.834346 0.805576
0.852581 0.818056
0.868691 0.831439
0.882475 0.845556
 0.89376 0.860158
0.902353 0.874852
0.907731 0.888945
0.9 0.9
0.1 0.1
 0.081153 0.0945491
0.0785579 0.0964295
0.0788528 0.0997238
0.0808807  0.104691
0.0842061  0.111586
0.0885931  0.120547
0.0938802  0.131612
0.0999385  0.144739
0.106656 0.159826
0.113933 0.176729
0.121674 0.195276
0.129794 0.215274
0.138214  0.23652
 0.14686 0.258806
0.155667 0.281922
0.164577 0.305664
0.173537  0.32983
  0.1825 0.354228
0.191425 0.378669
0.200276 0.402971
0.209018 0.426959
0.21762 0.45046
 0.22603 0.473342
0.234115 0.495629
0.241717 0.517391
0.248669 0.538697
0.254801 0.559622
0.259932 0.580242
0.263872 0.600635
0.266424  0.62088
0.267379 0.641059
0.266519 0.661252
 0.26362 0.681545
0.258555  0.70194
0.251621 0.722118
0.243234 0.741667
0.233826  0.76016
0.223848  0.77716
0.213763 0.792216
0.204054  0.80487
0.195213  0.81466
0.187744  0.82112
0.182159 0.823784
0.178975 0.822191
0.178581 0.816102
0.180849 0.806149
0.185512 0.793201
0.192288  0.77815
0.20089  0.7619
0.211018 0.745365
0.222368  0.72946
0.234632 0.715096
  0.2475 0.703172
0.260662  0.69457
0.273813 0.690149
0.286713 0.690467
0.299378 0.694968
0.311888 0.702819
0.324322 0.713192
 0.33676 0.725269
0.349281 0.738246
0.361963 0.751338
0.374882 0.763785
0.388113 0.774849
0.40173 0.78382
0.415804 0.790016
0.430368 0.792988
0.445321 0.793141
0.460527 0.791074
0.475857 0.787369
0.491185 0.782592
0.506387 0.777288
0.521342  0.77199
 0.53593 0.767213
0.550032 0.763466
 0.56353 0.761243
0.576302 0.761033
0.588271 0.763184
0.599516   0.7675
0.610157 0.773659
 0.62031 0.781344
 0.63009 0.790243
0.639615 0.800045
0.649007 0.810439
0.658394 0.821112
 0.66791 0.831753
0.677696 0.842049
0.687905 0.851698
0.698697 0.860408
0.710245 0.867914
 0.72273 0.873988
0.736345 0.878464
0.751295 0.881264
0.767805 0.882444
0.786129 0.882262
0.806593 0.881287
0.829706  0.88065
0.856653 0.882735
0.9 0.9
0.1 0.1
 0.121776 0.0882223
 0.120093 0.0945749
0.113716 0.105329
0.106172  0.11933
0.0991531  0.136062
0.0935533  0.155145
0.0898165  0.176236
0.0881026  0.198999
0.0883816    0.2231
0.0904934  0.248208
0.0941888  0.273997
0.0991586  0.300149
0.105054 0.326358
0.111501 0.352327
0.118112 0.377772
0.124491 0.402417
0.130239    0.426
0.134954 0.448261
0.138236 0.468949
0.139676 0.487814
0.138866 0.504603
0.135385 0.519062
0.128986 0.531028
0.120145 0.540734
0.109529 0.548516
0.0978177  0.554715
0.0857098   0.55968
0.0739224  0.563768
0.0631954  0.567348
0.0542941  0.570801
0.0480102  0.574524
0.0451632  0.578928
0.0465991   0.58444
0.052916 0.591397
0.0636253  0.599733
0.0779379   0.60927
0.0950314  0.619826
 0.11405 0.631208
0.134103 0.643219
0.15427 0.65565
0.173603 0.668289
0.191132 0.680912
0.205866 0.693292
0.216806 0.705196
0.223235 0.716401
0.225594 0.726737
 0.22463 0.736049
0.221117 0.744182
 0.21584 0.750985
0.209599  0.75631
0.203198 0.760015
0.197442 0.761963
 0.19313 0.762025
0.191051 0.760081
0.191975 0.756017
0.196449 0.749861
0.204182 0.742178
 0.21467 0.733657
0.227414 0.724978
0.241916 0.716804
0.257686 0.709777
0.274245 0.704522
0.291124  0.70164
0.307869 0.701708
0.324041 0.705282
0.339215 0.712897
0.353096 0.724832
0.365857 0.740417
0.377778 0.758773
0.389129 0.779054
0.400175 0.800444
0.411167  0.82216
0.422351 0.843443
0.433964 0.863562
0.446238   0.8818
  0.4594 0.897461
0.473671 0.909856
0.489217 0.918489
0.505993 0.923585
0.523903  0.92554
0.542853  0.92474
0.562747 0.921562
0.583489 0.916382
 0.60498 0.909576
0.627114 0.901528
0.649781 0.892628
0.672858  0.88328
0.696216   0.8739
0.719712 0.864915
0.743189 0.856766
0.766475 0.849898
0.789378 0.844761
0.811683 0.841797
0.833139 0.841434
0.853443 0.844076
0.872198 0.850098
0.888784  0.85988
0.901888 0.874033
0.9 0.9
0.1 0.1
0.100528 0.129325
0.0974447  0.158711
0.0931023  0.187499
0.0886714   0.21472
0.0848097   0.23984
0.0818962  0.262587
0.0801342  0.282863
0.079608 0.300687
0.0803188  0.316162
0.082209 0.329446
0.0851798  0.340735
0.0891042  0.350248
0.093837  0.35822
0.0992215   0.36489
0.105095 0.370497
0.111294 0.375279
0.117653 0.379467
0.124011 0.383289
0.130207 0.386965
0.136083 0.390714
0.141482 0.394752
0.146247 0.399297
0.150283 0.404548
0.153755  0.41063
0.156894 0.417654
0.159939 0.425736
0.163133 0.435001
0.166725 0.445581
0.170973  0.45762
0.176139 0.471266
0.182494 0.486677
0.190313 0.504019
0.199882 0.523459
0.211366 0.545063
0.224446 0.568453
0.238664 0.593125
0.253544 0.618553
0.268588 0.644189
0.283283  0.66947
  0.2971 0.693808
0.309496 0.716606
0.319919  0.73725
 0.32781 0.755119
0.332609 0.769588
0.333958 0.780212
0.332313 0.787276
0.328351 0.791262
0.322767  0.79267
0.316265  0.79201
0.309561 0.789806
0.303372 0.786587
0.298412 0.782883
 0.29539 0.779225
0.295001  0.77614
0.297924 0.774145
0.304575 0.773613
0.314377  0.77437
0.326515 0.776106
 0.34018 0.778516
0.354577 0.781295
 0.36893 0.784149
0.382482 0.786787
0.394501 0.788929
0.404279 0.790305
0.411133 0.790652
0.414404  0.78972
0.413743 0.787381
0.409956 0.783967
0.404103 0.779913
0.397207 0.775639
0.390257 0.771554
0.384204 0.768055
0.379973  0.76553
0.378462 0.764357
0.380547 0.764908
 0.38709 0.767552
0.398939  0.77265
0.416664 0.780418
0.439769 0.790498
0.467504 0.802397
0.499133 0.815628
0.533923 0.829708
0.571138 0.844152
0.610034 0.858475
0.649852 0.872194
0.689819 0.884827
0.729146 0.895903
0.767036 0.904969
0.802687  0.91161
 0.83531 0.915468
0.864146 0.916268
0.888494 0.913865
0.90775  0.9083
 0.92145 0.899882
0.929337 0.889328
0.931447 0.878001
0.928203 0.868428
0.920398 0.865874
0.9 0.9
0.1 0.1
0.112997 0.123135
0.119385 0.141981
0.12404 0.15999
 0.12784 0.177626
0.131209 0.195094
0.134377 0.212504
0.137467 0.229914
0.140533 0.247355
0.143584 0.264838
0.146598  0.28236
0.149532 0.299913
0.152329 0.317478
0.154922 0.335036
0.157237 0.352563
0.159195 0.370034
0.160717 0.387426
0.161718 0.404711
0.162116 0.421865
0.161823 0.438864
 0.16075 0.455684
0.158807 0.472301
0.155898 0.488694
0.151999  0.50485
0.147371 0.520801
0.142358 0.536588
0.137307 0.552257
0.132578 0.567853
0.128538 0.583425
0.125568 0.599023
 0.12406 0.614699
 0.12442 0.630507
0.127067 0.646502
0.132432 0.662741
0.140782  0.67924
0.151683 0.695843
0.164504 0.712344
 0.17859 0.728533
0.193256  0.74419
0.207799 0.759089
0.221489    0.773
0.233581 0.785689
0.243313 0.796917
0.249915 0.806446
0.252611 0.814038
0.250913 0.819529
0.245479  0.82305
0.237279 0.824812
0.227304 0.825034
 0.21656 0.823944
 0.20606 0.821775
0.196821 0.818765
 0.18985 0.815154
0.186145 0.811182
0.186682 0.807091
 0.19241 0.803117
0.203937 0.799438
0.220594 0.796007
  0.2414 0.792719
0.265376 0.789473
0.291559 0.786165
0.319003 0.782697
0.346787  0.77897
0.374015  0.77489
0.399823 0.770364
0.423376 0.765302
0.443874 0.759617
0.460765 0.753294
0.474398 0.746602
 0.48533 0.739867
  0.4941 0.733407
0.501228  0.72753
0.507215 0.722533
0.512544  0.71871
 0.51768 0.716349
0.523074 0.715733
0.529164 0.717146
0.536378 0.720868
0.545046 0.727084
 0.55515 0.735591
0.566587 0.746095
0.579258 0.758307
0.593066  0.77194
0.607917 0.786703
0.623715 0.802298
0.640367  0.81842
0.657775 0.834751
0.675842 0.850964
0.694465 0.866719
0.713538 0.881669
0.732952 0.895461
0.752592 0.907743
 0.77234 0.918172
0.792072 0.926422
0.811661 0.932194
0.830974 0.935223
 0.84987 0.935271
0.868177 0.932049
0.885619 0.924783
0.9 0.9
0.1 0.1
0.100061 0.156105
0.106638 0.188162
0.114472  0.21454
0.122972 0.236892
0.131854 0.255919
0.140925 0.272075
0.150033 0.285732
0.159046 0.297223
0.167846 0.306865
0.176326  0.31496
0.184389 0.321797
0.191945 0.327654
0.198912 0.332792
0.205213  0.33746
 0.21078 0.341893
0.215545 0.346313
0.219447  0.35093
0.222422 0.355947
0.224411 0.361558
0.225349 0.367954
0.225172 0.375326
 0.22381 0.383867
0.221254 0.393731
0.217754 0.404909
0.213627 0.417353
0.209195 0.431019
0.204787 0.445867
 0.20074 0.461858
0.197399 0.478959
 0.19512 0.497138
0.194272 0.516363
0.195233 0.536601
0.198393 0.557817
0.204013 0.579925
0.211792 0.602632
0.221273 0.625583
0.231983 0.648406
0.243425  0.67072
0.255087 0.692126
 0.26644 0.712218
0.276942 0.730578
0.286036 0.746781
0.293161 0.760401
0.297749 0.771009
0.299397 0.778329
0.298368 0.782691
0.295105 0.784591
0.290065 0.784539
0.283716 0.783056
0.276536  0.78067
0.269006 0.777914
 0.26161 0.775319
 0.25483 0.773415
0.249141 0.772723
0.245012 0.773755
0.242832  0.77686
0.242712 0.781799
0.244686  0.78818
0.248784 0.795617
0.255023 0.803729
0.263416 0.812142
0.273971 0.820494
0.286686  0.82843
 0.30156 0.835613
0.318584 0.841715
0.337751 0.846423
0.358959 0.849537
0.381744 0.851257
0.405567 0.851876
0.429907 0.851679
0.454262 0.850945
0.478144 0.849941
0.501083  0.84893
0.522617 0.848166
0.542293 0.847897
0.559668 0.848368
0.574301 0.849815
0.585917 0.852408
0.594878 0.856051
0.601696 0.860586
0.606875 0.865855
0.610915 0.871699
0.614316 0.877957
0.617582 0.884467
0.621219  0.89106
0.625738 0.897566
0.631647 0.903811
0.639448  0.90962
0.649625 0.914819
0.662629 0.919241
0.678856 0.922728
0.698615 0.925143
0.722091 0.926371
 0.74928 0.926337
0.779902 0.925013
0.813246 0.922427
0.847882 0.918641
0.880863 0.913558
0.9 0.9
0.1 0.1
0.0808514  0.136872
0.0714978  0.164279
0.0646564  0.190344
0.0606223  0.215658
0.0596305  0.240367
0.0617375  0.264492
0.0668489  0.288006
0.0747589  0.310862
0.0851819  0.333005
0.0977786  0.354379
0.112176 0.374928
0.127982 0.394597
0.144798 0.413334
0.162225 0.431087
0.179871 0.447806
0.197352 0.463439
0.214295 0.477934
0.230332 0.491237
0.245107  0.50329
0.258263  0.51403
0.269445  0.52339
0.278294 0.531298
0.284553 0.537723
0.288397 0.542828
0.290112 0.546826
0.289985 0.549935
0.288305 0.552374
0.285363 0.554372
0.281457 0.556165
0.276888 0.557999
0.271966 0.560129
0.267011 0.562825
0.262353 0.566366
0.258287 0.571007
0.254942 0.576866
0.252403 0.584029
 0.25076 0.592583
0.250101 0.602614
0.250518 0.614208
  0.2521 0.627449
0.254939 0.642416
0.259121 0.659182
0.264733 0.677815
0.271856 0.698376
0.280482 0.720798
0.290242 0.744523
 0.30067 0.768861
0.311295 0.793109
0.321641 0.816559
0.331232 0.838504
0.339597  0.85824
0.346269 0.875072
0.350795 0.888321
0.352732 0.897328
0.351652 0.901455
0.347354 0.900338
0.340479 0.894611
0.331873 0.885158
0.322368 0.872855
0.312782 0.858572
0.303912 0.843158
0.296531 0.827445
0.291382  0.81224
0.289183 0.798323
0.290621 0.786448
0.296355 0.777339
 0.30679 0.771513
0.321411 0.768747
0.339497 0.768645
0.360346 0.770826
0.383284 0.774919
0.407655  0.78057
 0.43283 0.787438
0.458194 0.795197
0.483153 0.803529
0.507123 0.812129
0.529533   0.8207
0.549969 0.828996
0.568605 0.836957
0.585753 0.844569
0.601719 0.851813
0.616799 0.858667
0.631286 0.865108
0.645466 0.871106
0.659625 0.876633
0.674038 0.881655
0.688973 0.886143
0.704687 0.890066
0.721409 0.893401
 0.73934 0.896132
0.758627 0.898254
0.779346 0.899781
0.801463 0.900753
0.824786 0.901238
0.848877 0.901351
0.872893  0.90126
0.895224 0.901206
0.912318 0.901473
0.9 0.9
0.1 0.1
 0.106329 0.0904346
 0.109783 0.0914287
 0.111815 0.0960212
0.112977 0.104493
0.113602 0.116989
0.113917 0.133432
 0.11408 0.153573
0.114206 0.177035
0.114377 0.203357
 0.11465 0.232018
0.115064 0.262468
0.115645 0.294135
0.116409 0.326448
0.117364 0.358837
0.118513 0.390743
0.119857 0.421616
0.121394  0.45092
 0.12312 0.478124
0.125035 0.502706
0.127136 0.524144
0.129423  0.54191
0.131898 0.555469
 0.13457 0.564498
0.137479 0.569574
0.140673 0.571511
0.144202 0.571138
0.148121 0.569302
0.152481 0.566871
 0.15734 0.564742
0.162752 0.563842
0.168774  0.56513
0.175463 0.569599
0.182873 0.578279
0.191034 0.591888
 0.19987 0.609782
0.209273 0.630942
0.219126 0.654313
 0.22931 0.678799
0.239694 0.703269
0.250146 0.726557
0.260526 0.747467
 0.27069 0.764782
0.280492 0.777265
0.289783 0.783673
0.298414 0.783184
0.306239 0.776676
0.313115 0.765485
0.318901  0.75098
0.323461 0.734551
0.326666 0.717601
0.328389 0.701539
0.328516 0.687764
0.326937 0.677661
0.323551 0.672588
0.318268 0.673869
0.311114 0.682346
0.302563  0.69706
0.293194 0.716612
0.283576 0.739612
0.274265  0.76469
0.265801 0.790507
0.258707 0.815758
0.253483 0.839178
 0.25061 0.859548
0.250546 0.875694
0.253728 0.886488
0.260461 0.891196
0.270579 0.890505
0.283811  0.88543
 0.29989 0.876953
0.318561 0.866025
0.339578 0.853564
0.362708 0.840461
0.387727 0.827579
0.414421 0.815757
0.442584 0.805817
0.472018 0.798566
0.502509 0.794601
0.533778 0.793737
0.565532 0.795607
0.597471 0.799849
0.629292  0.80611
0.660684 0.814035
0.691327 0.823272
0.720895 0.833462
0.749054 0.844246
0.775472 0.855256
0.799819 0.866128
0.821779 0.876494
0.841064    0.886
0.857427 0.894309
0.870688 0.901118
0.880761 0.906175
0.887696 0.909311
0.891741 0.910469
0.893436 0.909767
0.893784 0.907574
0.894645 0.904627
0.9 0.9
0.1 0.1
0.147825 0.144543
0.167394 0.167218
0.181095 0.186145
0.191524  0.20374
0.199818 0.221047
0.206617 0.238588
0.212323 0.256617
0.217212 0.275231
0.221472 0.294423
0.225242 0.314123
0.228619 0.334213
0.231674 0.354546
0.234458 0.374955
0.237008 0.395261
0.239347  0.41528
0.241493 0.434821
0.243453  0.45369
0.245231 0.471692
0.246826 0.488631
0.248233 0.504305
0.249442 0.518511
0.250442 0.531039
0.251211 0.541771
0.25171 0.55099
 0.25189 0.559081
0.251699 0.566439
0.251081 0.573467
0.249974 0.580581
0.248312 0.588209
0.246027 0.596796
0.243045   0.6068
0.239291 0.618697
0.234686 0.632981
0.229186 0.649975
0.222896 0.669274
0.215963 0.690271
 0.20854 0.712334
 0.20079 0.734811
0.192879 0.757024
0.184982 0.778277
0.177278 0.797857
0.169953 0.815035
0.163195 0.829075
0.157196 0.839236
0.152142 0.844995
0.148194 0.846723
0.145504 0.845031
0.144223 0.840547
0.144495 0.833917
 0.14646 0.825799
0.150253 0.816856
0.155998 0.807752
0.163816  0.79915
0.173814 0.791705
0.186093  0.78606
0.200664 0.782699
0.217209 0.781513
0.235328 0.782245
0.254627 0.784635
0.274717 0.788423
0.295218 0.793351
0.315761 0.799165
0.335987 0.805618
0.355553 0.812468
0.374126 0.819483
0.391389 0.826436
 0.40714 0.833145
0.421604 0.839549
0.435102 0.845625
0.447943 0.851351
0.460428 0.856708
0.472848 0.861679
0.485482 0.866249
0.498602 0.870402
0.512471 0.874125
0.527346 0.877402
0.543475 0.880217
0.561019 0.882561
0.579805  0.88446
0.599579 0.885944
0.620087 0.887042
0.641077 0.887783
0.662294 0.888192
0.683482 0.888299
0.704384  0.88813
0.724744 0.887718
0.744309 0.887099
0.762837 0.886316
0.780102 0.885421
0.795905 0.884476
0.810087 0.883558
 0.82255 0.882764
0.833286 0.882215
0.842409 0.882062
0.850226 0.882506
0.857339 0.883813
0.864873  0.88637
0.875142 0.890842
0.9 0.9
0.1 0.1
0.113379 0.120701
0.133209   0.1442
0.153042 0.167901
0.171084 0.191036
0.186478 0.213238
0.198832 0.234349
0.208039 0.254334
0.214172 0.273238
0.217431 0.291164
0.218098 0.308247
0.216512 0.324652
0.213049 0.340555
0.208101 0.356143
0.202076 0.371609
0.195379 0.387147
 0.18842 0.402952
 0.1816 0.41922
0.175319 0.436147
0.169974 0.453932
 0.16596 0.472774
0.163675 0.492879
0.163519 0.514458
0.165765  0.53759
0.170126 0.561801
0.176171 0.586465
 0.18346 0.610944
0.191542 0.634582
0.199955 0.656704
0.208219 0.676612
0.215842 0.693584
0.222309 0.706871
0.227089 0.715702
0.229629 0.719279
0.229533 0.717093
0.227084  0.70987
 0.22275 0.698685
0.217021 0.684656
0.210399 0.668945
0.203409 0.652753
0.196589 0.637325
0.190494 0.623933
0.185688 0.613881
0.182746  0.60849
0.182249 0.609089
 0.18463 0.616616
0.189721 0.630416
0.197195 0.649402
 0.20671 0.672457
0.217914 0.698435
 0.23045 0.726172
0.243951 0.754498
 0.25805 0.782236
 0.27238 0.808219
0.286577 0.831295
 0.30028 0.850336
0.313227 0.864517
0.325522 0.874137
0.337359 0.879782
 0.34893 0.882039
0.360429 0.881494
0.372042  0.87873
0.383954 0.874321
0.396345 0.868827
0.409391 0.862799
 0.42326 0.856768
0.438117 0.851252
0.454037 0.846629
0.470764 0.842792
0.487965  0.83952
0.505321 0.836595
 0.52252 0.833808
0.539259 0.830957
0.555244 0.827845
0.570184  0.82428
0.583792 0.820077
0.595783 0.815053
0.605876 0.809032
0.613893 0.801929
0.620065  0.79401
0.624721 0.785625
0.628186 0.777125
0.630785 0.768861
0.632848 0.761189
0.634711 0.754468
0.636721 0.749058
0.639236  0.74532
0.642626 0.743608
 0.64727 0.744262
0.653557 0.747597
0.661877 0.753889
0.672616 0.763352
0.686147 0.776111
0.702818 0.792161
 0.72294 0.811312
0.746778 0.833097
0.774555 0.856613
0.806527 0.880192
0.843449  0.90043
0.9 0.9
0.1 0.1
0.129076 0.129981
0.156704 0.156444
0.183045 0.181825
0.206779 0.205877
0.227193 0.228443
0.243965 0.249471
 0.25703 0.268988
 0.2665 0.28708
0.272608 0.303873
0.275674  0.31952
0.276075 0.334193
0.274223 0.348073
0.270551 0.361348
0.265504 0.374207
0.259529 0.386839
0.25307 0.39943
0.246565 0.412164
 0.24045 0.425222
0.235153 0.438787
  0.2311 0.453038
0.228717 0.468158
0.228435 0.484335
0.230537 0.501662
0.234711 0.519841
0.240486 0.538472
0.247377 0.557145
0.254888 0.575442
0.262508 0.592932
0.269706 0.609172
0.275936 0.623703
0.280627 0.636052
0.283192 0.645732
0.283019 0.652238
0.279684 0.655241
 0.27358 0.655155
0.265326 0.652602
0.255563  0.64823
0.244956 0.642714
0.234195  0.63675
0.22399 0.63106
0.215069 0.626385
0.208177  0.62348
0.204068 0.623112
0.203502 0.626054
 0.20703 0.632877
 0.21434 0.643323
0.224891 0.656913
0.238122 0.673147
 0.25346 0.691512
0.270318 0.711481
0.288106 0.732519
0.306229 0.754085
0.324096 0.775641
0.341123  0.79665
0.356735 0.816583
0.370511 0.834985
  0.3826 0.851663
0.393294 0.866496
0.402885 0.879375
0.411666   0.8902
0.419925  0.89888
0.427944 0.905339
0.436002 0.909504
0.444368 0.911317
0.453303 0.910723
0.463061 0.907674
0.473813 0.902191
0.485447 0.894546
0.497782 0.885063
0.510642 0.874057
0.523855 0.861829
0.537253 0.848669
0.550671 0.834856
0.563948  0.82066
0.576922 0.806342
0.589433 0.792158
0.601321  0.77836
0.612471 0.765192
0.622942 0.752863
0.632835 0.741576
0.642247 0.731543
0.651276 0.722979
0.660023 0.716107
0.668592 0.711153
0.677092 0.708345
0.685642 0.707909
 0.69437 0.710059
0.703412 0.714994
0.712922 0.722881
0.723063 0.733842
0.734015 0.747934
0.745978 0.765123
0.759171 0.785242
0.773847 0.807943
0.790308 0.832607
0.808956 0.858185
0.830434  0.88287
0.856179 0.903079
0.9 0.9
0.1 0.1
0.109981 0.119394
0.125152 0.146508
0.139909 0.174535
0.152888 0.201798
0.163477 0.227489
0.171431 0.251219
0.176722 0.272848
0.179466 0.292396
 0.17987 0.309992
0.178207  0.32584
0.174787 0.340191
0.169945 0.353329
0.164031 0.365555
0.157398 0.377185
0.150399 0.388535
0.143385 0.399926
0.136703 0.411676
0.130696 0.424103
0.125704 0.437526
0.122068 0.452265
0.120131 0.468644
0.120241 0.486995
0.122636 0.507489
0.127087 0.529622
 0.13324 0.552709
0.140735 0.576051
0.149209 0.598933
0.158285 0.620618
0.167577 0.640347
0.176685 0.657335
0.185195 0.670771
0.192676 0.679816
 0.19868 0.683604
0.202869 0.681578
0.205399 0.674502
0.206559 0.663508
0.206647 0.649773
0.205972 0.634521
0.204854 0.619019
0.203621 0.604571
0.202612 0.592517
0.202174 0.584222
0.202657 0.581072
0.204418  0.58446
0.207735 0.595343
0.212567 0.612917
0.218785   0.6359
0.226257 0.662975
0.234842 0.692799
0.244396 0.724008
0.254772  0.75523
0.265819 0.785096
0.277387 0.812245
0.289324 0.835339
0.301479 0.853068
0.31372 0.86452
0.325974 0.870249
0.338188 0.871178
0.350309 0.868228
0.362287 0.862313
0.374077 0.854335
0.385635 0.845177
 0.39692 0.835703
0.407894 0.826748
 0.41852 0.819124
0.428765 0.813615
0.438614 0.810763
0.448126 0.810256
0.457376 0.811581
0.466435  0.81424
0.475369 0.817755
0.484243 0.821662
0.493114 0.825512
0.502039 0.828873
0.511069  0.83132
0.520254 0.832442
0.529641 0.831835
0.539274  0.82923
0.549191 0.824871
0.559427 0.819124
0.570021 0.812352
0.581013 0.804917
0.592445 0.797186
0.604365 0.789529
0.616825 0.782322
0.629878 0.775945
0.643585 0.770784
0.658011 0.767222
0.673222 0.765635
0.689289 0.766384
0.706288 0.769799
0.724297 0.776165
0.743396 0.785694
0.763677 0.798495
0.785247 0.814527
0.808263 0.833527
0.833015 0.854885
0.860304 0.877416
0.9 0.9
0.1 0.1
0.124391 0.104371
0.145499 0.121577
0.164576 0.141387
0.180862 0.162371
0.193968 0.183869
0.203769 0.205516
0.210315 0.227094
0.213779 0.248477
0.214417 0.269596
0.212543 0.290424
0.208508  0.31096
0.202681 0.331224
0.195444 0.351253
 0.18718 0.371093
0.178271 0.390798
0.169091 0.410429
0.160009 0.430051
0.151387 0.449735
 0.14358 0.469553
0.136944 0.489583
0.131832 0.509906
0.128602 0.530605
0.127506  0.55168
 0.12835 0.572783
0.130826 0.593469
0.134616 0.613283
0.139402 0.631755
0.144853   0.6484
0.150631 0.662718
0.156388  0.67419
0.161762 0.682278
0.166376  0.68643
0.169844 0.686075
0.171877 0.680882
0.172655 0.671539
0.172481 0.659018
0.171667 0.644334
0.170535 0.628539
 0.16942 0.612725
0.168663 0.598016
0.168613 0.585567
0.169626 0.576552
0.172062 0.572165
0.176283 0.573605
0.182546 0.581705
0.190675 0.595812
0.200382 0.614876
0.211369 0.637814
0.223329 0.663515
0.235952 0.690856
0.248926 0.718699
0.261937 0.745908
0.274674 0.771352
0.286831 0.793917
0.298107 0.812509
0.308297 0.826351
0.317552 0.835824
0.326112 0.841604
0.334215 0.844365
0.342096  0.84478
0.349987  0.84351
0.358112 0.841207
0.366693 0.838508
 0.37594 0.836031
 0.38606 0.834378
0.397249  0.83413
0.409629 0.835674
0.423037 0.838673
0.437249 0.842627
0.452045 0.847054
0.467212 0.851487
0.482545 0.855475
0.497841  0.85858
0.512904 0.860377
0.527538 0.860449
0.541554 0.858388
0.554761 0.853795
0.567029 0.846436
0.578454 0.836713
0.589189 0.825182
0.599381 0.812395
0.609181 0.798903
 0.61874 0.785262
0.628213 0.772032
 0.63776 0.759781
 0.64755 0.749081
0.657756 0.740501
0.668562 0.734604
0.680158  0.73193
 0.69274 0.732979
0.706509 0.738186
 0.72167 0.747887
0.738428 0.762271
0.756993 0.781313
0.777583 0.804673
0.800452 0.831525
0.825989 0.860226
0.855156 0.887441
0.9 0.9
0.1 0.1
 0.11502 0.134181
0.133304 0.166974
 0.15124 0.198887
 0.16759 0.228928
0.181753 0.256562
0.193455 0.281547
0.202627 0.303844
0.209336  0.32355
0.213737 0.340856
 0.21605 0.356018
0.216536 0.369336
 0.21548 0.381137
0.213187 0.391763
0.209964 0.401564
0.206126 0.410888
0.201982 0.420085
0.197842   0.4295
 0.19401 0.439473
 0.19079 0.450343
0.188482 0.462448
0.18739 0.47613
0.187819 0.491735
0.189978 0.509452
0.193675 0.528818
0.198611 0.549196
0.204482 0.569934
0.210975 0.590365
0.217767 0.609805
0.224525 0.627547
0.230903 0.642861
0.236543 0.654994
0.241072 0.663167
0.244102 0.666578
0.245353 0.664714
0.245018 0.658314
0.243418 0.648463
0.240888 0.636293
0.237773 0.622974
0.234431  0.60972
0.231228  0.59778
0.228545 0.588434
0.226767 0.582987
0.226287  0.58276
0.227501 0.589081
0.230706 0.602855
0.235803 0.623279
 0.24258 0.649088
0.250821 0.678982
  0.2603 0.711633
0.270789 0.745695
0.282052 0.779814
0.293854 0.812633
0.305959 0.842812
0.318133 0.869026
0.330144 0.889983
0.341816 0.904755
0.353181  0.91376
0.364319 0.917758
0.375315 0.917512
 0.38625 0.913783
0.397208 0.907326
0.408271 0.898882
0.419517 0.889177
0.431027 0.878921
0.442875   0.8688
0.455137 0.859479
0.467845 0.851456
0.480874 0.844637
0.494065 0.838789
0.507262 0.833684
0.520315 0.829101
0.533073 0.824826
0.545391 0.820652
0.557123 0.816377
0.568124 0.811805
0.578249 0.806747
0.587352 0.801017
0.595352 0.794518
0.602414 0.787469
0.608762 0.780169
0.614618 0.772918
0.620206 0.766017
0.625752 0.759771
0.631486 0.754486
0.637647 0.750474
0.644476 0.748042
0.652226 0.747493
0.661149 0.749117
  0.6715 0.753181
0.683529 0.759918
0.697476 0.769503
0.713558 0.782034
0.731961 0.797494
0.752821 0.815699
0.776208 0.836224
0.802105 0.858258
0.830407 0.880313
0.861045 0.899362
0.9 0.9
0.1 0.1
0.125014 0.117794
0.152806 0.139508
0.179865 0.161224
0.204276 0.182064
0.225058 0.201657
0.241754 0.219878
0.254237 0.236745
0.262603 0.252371
0.267102 0.266927
0.268088 0.280626
0.265984 0.293702
 0.26126 0.306408
0.25441   0.319
0.245942 0.331739
0.236366 0.344887
0.226192 0.358704
0.215921 0.373449
0.206049 0.389382
0.197068 0.406765
0.189465 0.425864
0.183725 0.446952
0.180342 0.470311
0.179645 0.496058
0.181302 0.523606
0.184804  0.55218
0.189629 0.580989
0.195245 0.609224
0.201103  0.63605
 0.20664 0.660608
 0.21127 0.682007
 0.21439 0.699326
0.215372 0.711611
0.213571 0.717878
0.208533 0.717471
0.20067 0.71116
0.190628 0.700113
0.179077 0.685544
0.166714 0.668715
0.154258 0.650935
0.142452 0.633555
0.132056 0.617965
0.123847 0.605583
0.118611 0.597851
0.117141 0.596224
0.120027 0.601731
0.127032 0.613685
0.137697 0.630931
0.151542 0.652285
0.168073 0.676534
0.186781 0.702446
0.20715 0.72878
0.228654 0.754294
0.250772 0.777755
0.272979 0.797946
 0.29476 0.813675
0.315692 0.824101
0.335694 0.829687
0.354772 0.831222
 0.37294 0.829494
0.390215 0.825284
0.406621 0.819364
0.422182 0.812489
 0.43693 0.805394
0.450896 0.798795
0.464115 0.793386
0.476622 0.789834
0.488452 0.788591
0.499634 0.789307
0.510196 0.791449
0.520164 0.794505
 0.52956 0.797977
0.538404 0.801385
 0.54671 0.804264
0.554491 0.806162
0.561754 0.806641
0.568503 0.805272
 0.57474 0.801635
0.580489 0.795479
0.585875 0.787188
0.591043 0.777301
0.596142 0.766352
0.601325 0.754877
0.606746 0.743417
0.612571 0.732517
0.618969 0.722727
0.626123 0.714603
0.634222 0.708697
0.643464 0.705548
0.654056 0.705676
0.666208 0.709555
0.680135 0.717594
0.696049 0.730099
0.714161 0.747232
0.734679 0.768935
0.757814  0.79484
0.783816 0.824094
0.813087 0.855043
0.846735 0.884392
0.9 0.9
0.1 0.1
0.119408 0.132104
0.139216 0.160979
0.158484  0.18818
0.176302   0.2131
 0.19219 0.235437
0.205915 0.255116
0.217404 0.272213
0.226696 0.286914
0.233906 0.299476
  0.2392 0.310205
0.242783 0.319436
0.244881 0.327522
0.245736 0.334824
0.245599   0.3417
0.244722 0.348509
0.243359 0.355602
0.241761 0.363326
0.240177 0.372024
0.238851 0.382035
0.23803  0.3937
0.237956 0.407364
0.238874 0.423381
 0.24095 0.441956
0.244028 0.462683
0.247865  0.48499
0.252211 0.508297
0.256808 0.532015
0.261388 0.555536
0.265675 0.578239
0.269379  0.59948
  0.2722 0.618596
0.273827 0.634898
0.273936 0.647677
0.272298 0.656424
0.269104 0.661515
0.264662  0.66357
0.259288 0.663231
0.253315  0.66117
0.247083  0.65808
0.240948 0.654681
0.235274  0.65171
0.230434 0.649924
0.226805 0.650092
0.224773 0.652992
0.224651 0.659206
0.226464 0.668521
0.23016 0.68051
0.23568 0.69473
0.242956 0.710724
0.251913 0.728025
0.262473 0.746158
0.274548 0.764645
0.288048  0.78301
0.302878 0.800778
0.318939 0.817482
0.336109 0.832725
0.354179 0.846363
0.37292 0.85832
0.392105 0.868529
0.411517 0.876931
0.430942 0.883476
0.450177 0.888121
0.469026 0.890832
0.487302 0.891579
0.504828 0.890341
0.521434 0.887097
0.536986 0.881884
0.551457 0.874949
0.564849 0.866581
0.577165 0.857063
0.588403 0.846662
0.598558 0.835639
0.607624 0.824244
0.615586 0.812719
0.622428 0.801301
0.628127 0.790221
0.632655 0.779708
0.636031  0.76997
0.638456 0.761142
0.640176 0.753342
0.641436 0.746695
0.642482  0.74133
0.643567 0.737384
0.644951 0.734993
0.646903 0.734297
0.649702 0.735434
0.653636 0.738536
0.659004 0.743719
0.666107 0.751083
0.675247 0.760696
0.686719  0.77258
0.700801 0.786698
0.717746 0.802926
0.737763  0.82102
0.761013 0.840557
0.787599 0.860838
 0.81761 0.880667
 0.85145 0.897707
0.9 0.9
0.1 0.1
0.120354 0.120749
0.143973 0.144652
0.167007 0.168783
0.187791 0.192276
  0.2055 0.214707
 0.21976 0.235873
0.230486 0.255709
0.237777 0.274238
0.241866 0.291542
0.243072 0.307745
0.241772 0.322998
 0.23838 0.337468
0.233334 0.351335
0.22708 0.36478
0.220066 0.377992
0.212741 0.391155
0.205548 0.404456
0.198924  0.41808
0.193303 0.432212
0.189119 0.447039
0.186806 0.462749
0.186801 0.479536
0.189402 0.497496
0.194304  0.51631
0.201048 0.535551
0.209162 0.554783
0.218164 0.573557
0.227559 0.591416
0.236833 0.607885
0.245457 0.622475
 0.25288 0.634682
0.258531 0.643984
0.261819 0.649843
0.262319 0.651908
0.260352 0.650622
0.256441 0.646653
0.251129 0.640696
0.244978 0.633473
 0.23857 0.625734
0.232503 0.618252
0.227394 0.611822
0.223871 0.607254
0.222569 0.605374
0.224133 0.607012
0.229022 0.612785
0.236948 0.622446
0.247425 0.635514
0.259951 0.651487
0.274013 0.669847
0.289089 0.690061
0.304654  0.71159
0.320184 0.733886
0.335154   0.7564
0.349052 0.778588
0.361372 0.799911
0.371763 0.819899
0.380439 0.838325
0.387754 0.855033
0.394064 0.869875
0.399719 0.882715
0.405065  0.89343
0.410439 0.901906
 0.41617 0.908041
0.422576 0.911742
0.429967 0.912927
0.438638  0.91152
0.448786 0.907519
 0.46025 0.901198
0.472786 0.892892
0.486156  0.88292
0.500129 0.871595
0.514481 0.859213
0.528991 0.846061
0.543444 0.832415
0.557629 0.818544
0.571337  0.80471
0.584359  0.79117
0.596544  0.77817
0.607955 0.765912
0.618703  0.75459
  0.6289 0.744405
0.638654 0.735561
0.648079 0.728273
 0.65729 0.722756
0.666408  0.71923
0.675563 0.717915
0.684893  0.71902
0.694547 0.722744
0.704685 0.729256
0.715482 0.738691
0.727125 0.751123
0.739817  0.76655
0.753784 0.784852
0.769276 0.805752
0.786594 0.828736
0.806128 0.852922
0.828502 0.876786
0.855129 0.897337
0.9 0.9
0.1 0.1
0.119755 0.128981
0.139641 0.160631
0.158525 0.191938
0.175412 0.221444
 0.18979 0.248422
0.201434  0.27255
0.210301 0.293759
0.216475 0.312154
0.220121 0.327952
0.221466 0.341451
0.220776 0.352999
0.218339 0.362978
0.214458 0.371785
0.209442 0.379829
0.203601  0.38752
0.197242 0.395263
0.190667 0.403464
0.184174 0.412523
0.178057 0.422838
0.172606  0.43481
0.168111  0.44884
0.164864 0.465341
 0.16308 0.484538
 0.16266 0.505874
0.163421 0.528585
0.165176 0.551893
0.167736 0.574998
0.170905 0.597083
0.174483 0.617303
0.178262 0.634785
0.182026 0.648629
0.185553 0.657903
0.188608 0.661648
0.191015  0.65924
0.192844 0.651515
0.194234 0.639715
0.195325 0.625129
0.196265 0.609098
0.197202 0.593007
 0.19829 0.578283
0.199687 0.566391
0.201551 0.558821
0.204046 0.557085
0.207333 0.562702
0.211548 0.576704
 0.21671 0.598148
0.222807 0.625559
0.229824 0.657423
0.237743 0.692192
0.246542 0.728302
0.256196 0.764177
0.266678 0.798245
0.277957 0.828947
0.290003  0.85475
0.302781 0.874155
0.316239 0.886126
0.330257 0.891335
0.344696 0.890886
0.359422 0.885879
0.374304 0.877405
0.389216 0.866542
0.404036 0.854342
0.418647 0.841835
0.432938 0.830019
0.446802 0.819859
0.460139 0.812289
0.472868 0.807954
0.484971 0.806466
 0.49645 0.807197
0.507304 0.809539
0.517529 0.812905
0.527121 0.816727
0.536072 0.820455
0.544371 0.823556
0.552002 0.825512
 0.55895 0.825815
0.565193 0.823971
0.570753 0.819658
0.575809 0.813214
 0.58058 0.805134
0.585284 0.795909
0.590143 0.786032
 0.59538 0.775994
0.601227 0.766296
 0.60792 0.757438
0.615699 0.749925
 0.62481 0.744261
0.635496 0.740938
0.647997 0.740428
 0.66254 0.743167
0.679329  0.74953
0.698535   0.7598
0.720275  0.77413
0.744591 0.792476
 0.77142 0.814507
0.800552 0.839448
0.831573 0.865768
0.863829 0.890346
0.9 0.9
0.1 0.1
0.108611 0.128409
0.126499 0.158848
0.144988 0.188746
0.162096 0.216785
0.176893 0.242319
0.188945 0.265074
0.198111 0.285014
0.20444 0.30226
0.208103 0.317039
 0.20936 0.329653
0.208528 0.340449
0.205956 0.349802
 0.20202 0.358104
0.197105 0.365755
0.191599 0.373153
0.185893 0.380696
0.180374 0.388775
0.175425 0.397781
 0.17143 0.408101
0.168771 0.420124
0.167832 0.434243
0.169003 0.450858
0.172549 0.470198
0.178206  0.49176
 0.18557 0.514847
0.194229  0.53875
0.203762 0.562744
0.213736 0.586085
0.223702 0.608005
0.233198 0.627714
0.241743 0.644392
0.248835 0.657194
0.253956 0.665247
0.256723 0.667956
0.257356 0.665944
0.256241 0.660171
0.253777 0.651633
0.250377 0.641366
 0.24647 0.630445
0.242499 0.619977
0.238918 0.611099
0.236193 0.604972
0.234796 0.602775
0.235208 0.605694
0.237796 0.614577
0.242478 0.628885
0.249049 0.647703
0.257295 0.670091
0.266995 0.695085
0.277922 0.721704
0.289842 0.748957
0.302522 0.775855
0.315724  0.80141
0.329213 0.824648
0.342756 0.844615
0.356156 0.860587
0.369348 0.872684
0.382299 0.881244
0.394984 0.886614
0.407377 0.889142
0.419457 0.889178
0.431206 0.887072
0.442607 0.883168
0.453646 0.877806
0.464312 0.871319
0.474593 0.864029
0.484489 0.856214
0.494032 0.848011
0.503259 0.839513
0.512205 0.830812
0.520904 0.821995
0.529384 0.813144
 0.53767 0.804341
0.545784 0.795664
0.553743 0.787189
0.561562 0.778993
0.569254 0.771154
0.576842 0.763759
  0.5844 0.756932
0.592013 0.750805
0.599767 0.745516
 0.60775 0.741209
0.616056 0.738028
0.624781 0.736126
0.634028 0.735654
0.643905 0.736763
0.654528 0.739599
0.666018 0.744301
  0.6785 0.750987
0.692104 0.759753
0.706963 0.770657
0.723208 0.783704
 0.74097 0.798827
0.760379 0.815856
0.781573 0.834469
0.804714 0.854115
0.830074 0.873845
0.858412 0.891831
0.9 0.9
0.1 0.1
0.107037 0.112926
0.119973 0.135922
0.133364 0.160556
0.146093 0.185208
0.157638 0.209101
0.167742 0.231831
  0.1763 0.253203
0.183309 0.273157
0.18883 0.29172
0.192969 0.308983
0.195863 0.325076
0.197669 0.340159
0.198557 0.354408
0.198705  0.36801
0.198292  0.38116
  0.1975 0.394053
0.196512 0.406888
0.195508 0.419861
0.194666 0.433171
0.194166 0.447019
0.194187 0.461606
 0.19491 0.477138
0.196464 0.493719
0.19877 0.51102
0.201693 0.528599
0.205094 0.546003
 0.20883 0.562766
0.212753 0.578414
0.216709 0.592454
0.220539  0.60438
0.224075 0.613669
0.227142 0.619782
0.229559 0.622163
0.231207 0.620475
0.232236 0.615306
0.232874 0.607507
0.233353  0.59796
0.233915 0.587582
0.234806 0.577322
0.236279 0.568157
0.238591 0.561088
0.242004 0.557135
0.246781  0.55733
0.253186  0.56271
0.261381 0.573997
0.271118 0.590642
 0.28204 0.611751
0.293783 0.636401
0.305977 0.663647
0.318248 0.692527
0.330224 0.722071
0.341534 0.751306
0.351814 0.779263
0.360708 0.804988
 0.36787 0.827541
  0.3731 0.846216
0.376755 0.861147
0.379327 0.872684
0.381301 0.881183
0.383157 0.887003
 0.38536 0.890507
0.388366 0.892053
0.392614 0.891997
0.398529 0.890689
0.406519 0.888473
0.416975 0.885682
0.430118 0.882576
0.445536 0.879151
0.462671 0.875337
0.480987 0.871068
0.499961 0.866277
0.519087 0.860902
0.537875 0.854877
0.555843 0.848139
0.572522 0.840627
0.587448 0.832278
0.600165 0.823033
0.610364 0.812902
0.618316 0.802164
0.624426 0.791165
0.629094 0.780251
0.632717 0.769772
0.635695 0.760083
0.638432 0.751541
0.641339 0.744511
0.644834 0.739355
0.649341 0.736431
0.655287 0.736087
0.663093 0.738642
0.67317 0.74438
  0.6859 0.753522
0.701621   0.7662
0.720602 0.782421
0.743009 0.802002
0.768857 0.824491
0.797943 0.849009
 0.82975 0.873943
0.863299 0.896045
0.9 0.9
0.1 0.1
0.122889 0.109655
0.141965   0.1322
0.159231 0.157026
0.174216 0.182234
 0.18667 0.206915
0.196515 0.230584
0.203802 0.252993
0.208666 0.274042
0.211306  0.29373
0.211961 0.312124
0.210896 0.329338
0.208394 0.345517
0.204744 0.360826
0.200237 0.375446
0.195163 0.389564
0.189806 0.403371
0.184447 0.417062
0.179361 0.430831
 0.17482 0.444876
0.171094 0.459393
0.168451 0.474584
0.167163 0.490653
0.167414 0.507694
0.169016 0.525347
0.171687 0.543126
0.175138 0.560536
0.179072 0.577067
0.183185 0.592197
0.187161 0.605387
0.190676 0.616079
0.193391 0.623699
0.194956 0.627654
0.195009 0.627334
 0.19331 0.622383
0.190156  0.61352
0.185993 0.601767
0.181283 0.588189
  0.1765 0.573886
0.172137 0.560001
0.168697 0.547708
0.166695 0.538208
0.166653 0.532725
  0.1691 0.532499
0.174566 0.538771
0.183405 0.552371
0.195274 0.572457
0.209639 0.597738
 0.22595 0.626885
0.243648 0.658544
0.262164 0.691343
0.280926 0.723901
0.299364  0.75484
0.316911 0.782794
 0.33301 0.806419
0.347116 0.824401
0.358839 0.835845
0.368353 0.841414
0.375976 0.842159
0.382028 0.839125
0.386829 0.833352
0.390692 0.825857
0.393928 0.817641
0.396842 0.809677
0.399726 0.802907
0.402866 0.798245
0.406537 0.796573
0.410961 0.798466
0.416197  0.80338
0.422259 0.810513
0.429158 0.819092
0.436905 0.828371
0.445506 0.837628
0.454968 0.846164
0.465298 0.853301
0.476502 0.858376
0.488586 0.860743
0.501556 0.859766
0.515407 0.855029
0.530079 0.846958
  0.5455 0.836179
0.561602 0.823312
0.578314 0.808975
 0.59557 0.793791
  0.6133 0.778392
0.631437 0.763417
 0.64991 0.749519
0.668652 0.737353
 0.68759 0.727578
0.706658 0.720843
0.725788 0.717771
0.744917  0.71894
 0.76399 0.724851
0.782963 0.735894
0.801811 0.752289
0.820538 0.774011
0.839198 0.800682
0.857945 0.831387
0.877175 0.864376
0.9 0.9
0.1 0.1
0.130189 0.107255
0.151391 0.124644
0.170241 0.144422
0.18685 0.16553
0.201189 0.187452
0.213267 0.209862
0.223144 0.232532
0.230925 0.255289
0.236753 0.277998
0.240794  0.30055
0.243229 0.322858
0.244253 0.344851
0.244064 0.366468
0.242862 0.387661
0.240845  0.40839
0.238206 0.428619
0.235137 0.448321
0.231821 0.467469
0.228441  0.48604
0.225172 0.504013
0.222188 0.521367
0.219662  0.53808
0.217721 0.554103
0.216309 0.569272
0.215324 0.583389
0.214658 0.596249
0.214198 0.607641
0.213829 0.617345
0.213431 0.625135
0.212877 0.630775
0.212039 0.634025
0.210779 0.634634
0.208959 0.632352
0.206502 0.627079
0.203611 0.619359
0.200565 0.609918
0.197652 0.599513
0.195169 0.588929
0.193422 0.578979
0.192722 0.570498
0.193387 0.564339
0.195737 0.561373
0.200094 0.562477
0.206779 0.568532
0.215984 0.580132
0.227388 0.596734
0.240532 0.617481
0.254943 0.641493
0.270143 0.667865
0.285647  0.69568
0.300969  0.72401
0.315627 0.751929
0.329143 0.778512
 0.34105 0.802848
0.350892 0.824044
 0.35839 0.841435
0.363922 0.855196
0.368029 0.865714
0.371246 0.873382
0.374102 0.878595
0.377113 0.881748
0.380781 0.883232
0.385595 0.883433
0.392025 0.882729
0.400525 0.881491
0.411531 0.880079
0.425303 0.878749
0.441445 0.877379
0.459414 0.875759
0.478686 0.873685
0.498751 0.870959
0.519117  0.86739
0.539306 0.862789
0.558849 0.856971
 0.57729 0.849757
0.594177 0.840967
0.609067 0.830427
0.621648 0.818084
0.632133 0.804357
0.640854 0.789778
0.648138 0.774879
0.654309 0.760195
0.659691 0.746264
0.664613  0.73363
0.669408  0.72284
0.674415 0.714441
0.679983 0.708971
0.686463 0.706948
0.694209 0.708853
0.703568 0.715103
0.714874 0.726027
0.728437 0.741813
0.744519 0.762455
0.763321  0.78766
0.784945 0.816711
0.809361 0.848224
0.836352 0.879644
0.865511 0.905755
0.9 0.9
0.1 0.1
0.119656 0.101602
0.137383 0.119719
 0.15344 0.140985
0.167174 0.163412
0.178282  0.18607
0.186682 0.208448
0.192442 0.230252
0.195729 0.251322
0.196781 0.271585
0.195881  0.29103
0.193339 0.309685
0.189485 0.327607
0.184652 0.344877
 0.17918 0.361585
0.173401 0.377835
0.167648 0.393733
0.162245 0.409393
0.157512  0.42493
0.153768  0.44046
 0.15133 0.456104
0.150517 0.471985
0.151652 0.488227
 0.15495 0.504888
0.160171 0.521742
0.166953 0.538486
0.174929 0.554809
0.183721 0.570394
0.192943 0.584915
0.202196 0.598035
0.211066 0.609406
0.219125 0.618669
0.225925 0.625456
0.231004 0.629386
0.234027 0.630227
0.235229  0.62838
0.235001 0.624424
0.233748 0.618959
0.231887 0.612614
0.229851 0.606035
0.228085 0.599894
0.227043 0.594877
0.227191 0.591685
0.228999 0.591028
0.232944 0.593624
0.239364 0.599996
0.248048   0.6099
0.258637 0.622881
0.270761 0.638465
0.284041 0.656165
0.298093  0.67548
 0.31253 0.695902
0.326965 0.716915
0.341012 0.738006
0.354294 0.758662
 0.36644 0.778379
0.377174 0.796727
0.386571 0.813551
0.394796 0.828767
0.402014 0.842302
0.408393 0.854092
  0.4141 0.864081
0.419297  0.87222
0.424148 0.878469
0.428809 0.882797
0.433433 0.885176
0.438167 0.885586
0.443149 0.884045
0.448501 0.880726
0.454338 0.875831
0.460769 0.869558
0.467897 0.862095
 0.47582 0.853625
0.484632 0.844323
0.494424 0.834356
0.505283 0.823888
0.517296 0.813078
0.530546 0.802081
 0.54507 0.791063
0.560726  0.78022
0.577328 0.769759
0.594695 0.759894
0.612644 0.750841
0.630994 0.742825
0.649566 0.736078
0.668179 0.730835
0.686656 0.727338
0.704826 0.725825
0.722523 0.726532
0.739598  0.72968
0.755921 0.735469
0.771393 0.744063
0.785966 0.755577
0.799654  0.77005
0.812574  0.78742
0.824991 0.807476
0.837415 0.829793
0.850813 0.853613
0.867266 0.877596
0.9 0.9
0.1 0.1
 0.126413 0.0971612
0.145947 0.113657
0.162891 0.134022
0.177067 0.156086
 0.18837 0.178841
0.196826 0.201719
 0.20256 0.224377
0.205774 0.246608
0.206722 0.268294
0.205692 0.289376
0.202994 0.309838
0.198951 0.329696
0.193887 0.348987
0.188127 0.367765
 0.18199 0.386094
0.175792 0.404046
 0.16984 0.421702
0.164436 0.439142
0.159878 0.456455
0.156462 0.473729
0.154485 0.491055
0.154248  0.50853
0.155951 0.526182
0.159382 0.543774
0.164217 0.560991
0.170128 0.577513
0.176777 0.593012
 0.18382 0.607146
0.190898 0.619566
0.197644 0.629908
0.203672 0.637799
0.208587 0.642852
0.211974 0.644672
0.213539 0.643032
0.213516 0.638425
 0.21228 0.631548
0.210222 0.623127
0.207742 0.613914
0.205257 0.604691
0.203194 0.596263
 0.20199 0.589454
0.202091 0.585106
0.203947 0.584071
0.208012 0.587206
0.214616 0.595115
0.223584 0.607383
0.234604 0.623316
0.247355   0.6422
0.261503 0.663301
0.276712  0.68587
0.292639 0.709153
0.308941  0.73239
0.325275 0.754825
0.341302 0.775711
0.356688 0.794314
0.371159 0.810069
0.384648 0.823028
0.397145 0.833402
0.408645 0.841408
0.419147  0.84727
0.428656  0.85121
 0.43718 0.853452
 0.44473 0.854222
0.451318  0.85374
 0.45696 0.852223
0.461669 0.849886
0.465515 0.846902
0.468779 0.843306
0.471788 0.839097
0.474854 0.834276
0.478277 0.828841
0.482346 0.822792
0.487339 0.816125
0.493524 0.808838
0.501162 0.800929
0.510509 0.792393
0.521816  0.78323
0.535239 0.773491
0.550579 0.763419
0.567549 0.753308
 0.58587 0.743456
0.605265 0.734165
0.625455 0.725742
0.646164 0.718501
0.667116 0.712763
0.688032  0.70885
0.708639 0.707083
0.728672 0.707775
0.747875 0.711222
0.766018  0.71769
0.782905 0.727399
0.798392 0.740501
0.812414 0.757052
0.825022 0.776968
 0.83644 0.799965
 0.84717 0.825463
0.858216 0.852408
0.871741 0.878841
0.9 0.9
0.1 0.1
0.107653 0.108351
0.124201 0.127616
0.141582 0.148925
0.158031 0.170873
0.172709 0.192792
0.185211 0.214312
 0.19538 0.235224
0.203222 0.255417
0.208851 0.274846
0.212455  0.29351
0.214271 0.311441
0.214571  0.32869
0.213645 0.345325
0.211794 0.361424
0.209328  0.37707
0.206554 0.392351
 0.20378 0.407358
0.201314 0.422183
0.19946 0.43692
0.198525 0.451664
0.198814 0.466511
0.200637 0.481561
0.204199  0.49685
 0.20925 0.512156
0.215425 0.527188
0.222345 0.541647
0.229626 0.555227
0.236867 0.567614
0.243658 0.578485
0.249569 0.587505
0.254158 0.594331
0.256962 0.598609
0.257505 0.599975
0.255476 0.598228
0.251297 0.593842
0.245594 0.587483
0.239014 0.579844
0.232225 0.571645
0.225919 0.563631
0.220803 0.556568
0.217604 0.551242
0.217058 0.548454
 0.21991 0.549011
 0.22691 0.553728
0.238528 0.563177
0.254133 0.576974
0.272793 0.594471
0.293556 0.614998
0.315454 0.637867
0.337511 0.662375
0.358753 0.687811
0.378206 0.713458
0.394915 0.738603
 0.40794 0.762538
0.416368 0.784569
0.419625 0.804145
0.418401 0.821254
0.413693 0.836017
0.406496 0.848568
0.397787 0.859043
0.388527 0.867585
 0.37965 0.874339
0.372062 0.879454
0.366638 0.883079
0.364221 0.885363
0.365621 0.886456
0.371382 0.886478
0.381093 0.885453
0.394125 0.883383
0.409867 0.880268
0.427726 0.876106
 0.44713 0.870898
0.467523  0.86464
0.488368 0.857327
0.509139 0.848954
0.529324 0.839512
 0.54842 0.828996
0.566047 0.817459
0.582286 0.805199
0.597327 0.792573
0.611355  0.77994
0.624551 0.767664
0.637095 0.756113
0.649169 0.745664
0.660955 0.736698
 0.67264 0.729603
0.684413 0.724762
0.696468 0.722553
   0.709 0.723334
0.722205 0.727432
0.736277 0.735121
0.751398 0.746598
0.767736 0.761947
0.785437 0.781092
0.804608 0.803719
0.825312 0.829163
 0.84756 0.856173
0.871384 0.882343
0.9 0.9
0.1 0.1
 0.114432 0.0992918
 0.12843 0.118235
0.141578  0.14082
0.153426 0.164602
0.163758 0.188444
 0.17249 0.211735
 0.17963 0.234142
0.185241 0.255501
0.189432 0.275762
0.192335 0.294949
0.194103  0.31314
0.194901  0.33045
0.194897 0.347017
0.194264 0.362997
0.193175 0.378556
  0.1918 0.393867
0.190309 0.409109
0.188868 0.424461
 0.18764 0.440108
 0.18679 0.456237
 0.18648 0.473038
0.186876 0.490705
0.188088 0.509328
0.190016 0.528537
0.192499 0.547842
0.195374 0.566744
0.198473 0.584727
 0.20162 0.601263
0.204636 0.615807
0.207332 0.627794
0.209514 0.636642
0.210977  0.64175
0.211512 0.642501
0.210984 0.638525
0.209603 0.630525
0.207671 0.619499
  0.2055 0.606491
0.203413  0.59258
0.201742 0.578885
0.200827 0.566556
0.201014 0.556773
0.202656 0.550738
0.206108 0.549668
0.211726 0.554784
0.219754 0.566918
0.229994 0.585327
0.242127 0.608842
0.255823  0.63626
0.270745 0.666353
 0.28655 0.697873
0.302889 0.729565
0.319416 0.760173
0.335784 0.788452
0.351651 0.813174
0.366684 0.833137
0.380622 0.847481
0.39348  0.8566
0.405343 0.861205
0.416301 0.862011
0.426443 0.859729
0.435865 0.855064
0.444659 0.848708
0.452919 0.841338
0.460739 0.833617
0.468209 0.826184
0.475418 0.819659
 0.48245 0.814491
0.489376 0.810513
0.496263 0.807414
0.503173 0.804892
0.510163 0.802656
0.517288 0.800423
0.524596  0.79792
0.532132  0.79488
0.539939 0.791046
0.548056 0.786166
0.556521 0.779995
0.565366 0.772404
0.574623 0.763693
0.584317 0.754265
0.594479 0.744526
0.605139 0.734885
 0.61633 0.725754
0.628088 0.717553
0.640451 0.710705
0.653459 0.705636
0.667155 0.702769
0.681582 0.702516
0.696784 0.705269
0.712802 0.711381
0.729674 0.721148
0.747431 0.734779
0.766095  0.75236
0.785676 0.773795
0.806167  0.79873
0.827546 0.826415
0.849784 0.855441
0.872941 0.883081
0.9 0.9
0.1 0.1
0.117923  0.11219
0.136991 0.135097
0.155018 0.159552
0.170897 0.183813
0.184101  0.20706
0.194424 0.228887
0.201863 0.249117
0.206552  0.26772
0.208714 0.284765
0.208638 0.300387
 0.20665 0.314763
0.203102 0.328102
0.198359 0.340628
0.192792 0.352579
0.186769 0.364195
0.180658 0.375719
0.174822 0.387395
0.169617 0.399467
  0.1654 0.412179
0.162525 0.425776
0.161347 0.440508
0.162227 0.456631
0.165404 0.474281
0.170596 0.493098
0.177384  0.51259
0.185343 0.532253
0.194035 0.551574
0.203012 0.570026
 0.21181 0.587065
0.219949 0.602131
0.226931 0.614645
 0.23224 0.624009
0.235338 0.629609
0.235848 0.631038
0.234083 0.628811
0.230547 0.623692
0.225761 0.616481
0.220266 0.608007
0.214621 0.599129
0.209401 0.590732
0.205195 0.583727
0.202606 0.579041
0.202242 0.577617
0.204719 0.580401
0.210477 0.588073
0.219244 0.600217
 0.23056 0.616121
0.243948 0.635051
 0.25892 0.656252
0.274981 0.678957
0.291631 0.702388
0.308369 0.725767
0.324697 0.748317
0.340122  0.76927
0.354164 0.787872
0.366464 0.803556
0.377111 0.816439
0.386313 0.826816
0.394277 0.834982
0.401213 0.841239
0.407329 0.845884
0.412829 0.849215
0.417917 0.851526
0.422788 0.853105
0.427633 0.854234
0.432637 0.855189
0.437959 0.856166
0.443687 0.857065
 0.44989 0.857718
0.456631 0.857964
0.463968 0.857645
0.471957 0.856611
0.480651 0.854714
  0.4901 0.851809
0.500352 0.847754
0.511453  0.84241
0.52345 0.83564
0.536361  0.82739
0.550109 0.817928
 0.56459 0.807597
0.579703 0.796745
0.595351 0.785719
0.611436 0.774875
0.627863 0.764574
0.644538 0.755187
 0.66137 0.747093
0.678272 0.740673
0.695164 0.736314
0.711973 0.734392
0.728643  0.73527
0.745136 0.739284
0.761443 0.746722
0.777597 0.757806
0.793693 0.772657
0.809925 0.791262
0.826648  0.81341
0.844542  0.83863
0.865146 0.866147
0.9 0.9
0.1 0.1
 0.11663 0.111543
0.133361 0.126015
0.149761 0.141568
0.165248  0.15824
0.179509 0.176046
0.192389 0.194952
0.203838 0.214884
0.213875 0.235737
0.222568 0.257388
0.230022   0.2797
0.236364 0.302528
0.241741 0.325727
0.246308  0.34915
0.250227 0.372653
0.253665 0.396097
 0.25679 0.419346
0.259768 0.442271
0.262769 0.464744
0.265958 0.486643
0.269502 0.507847
0.273568 0.528236
0.278321 0.547689
 0.28385 0.566093
0.289914 0.583371
0.296184 0.599451
0.302318 0.614257
0.307963 0.627712
0.312753 0.639731
0.316306 0.650227
0.318224 0.659108
0.318095 0.666279
0.315488 0.671644
 0.30996 0.675104
0.301245 0.676637
0.289835 0.676522
0.276433 0.675131
0.261772 0.672851
0.246613 0.670084
0.231739 0.667248
0.217962 0.664774
 0.20611 0.663105
0.197029 0.662692
0.191576 0.663993
0.190612 0.667469
0.194737 0.673462
0.203483 0.681836
0.216098 0.692325
0.231807 0.704649
0.249814 0.718521
0.269316 0.733641
0.289497 0.749707
0.309547 0.766408
0.328655 0.783435
0.346026 0.800478
0.360877 0.817231
0.372676 0.833394
0.381827 0.848692
0.388961 0.862861
0.394706 0.875648
0.399684  0.88681
0.404503 0.896119
0.409758 0.903357
0.416027 0.908323
0.423868 0.910823
0.433822  0.91068
0.446409 0.907723
0.461944 0.901892
0.479985 0.893527
0.499917 0.883055
0.521146 0.870891
0.543096 0.857432
0.565212  0.84306
0.586949 0.828146
 0.60778 0.813045
0.627184 0.798106
0.644651 0.783667
0.659673 0.770066
0.671891 0.757601
0.681522  0.74644
0.688914 0.736722
0.694408 0.728592
0.698342 0.722204
0.701056 0.717712
0.702894 0.715277
0.704208 0.715057
0.705365 0.717205
0.706742 0.721862
0.708731 0.729147
0.711736 0.739147
 0.71617 0.751901
0.722452 0.767381
0.730996 0.785466
0.742208 0.805908
0.756472 0.828269
0.774145 0.851844
0.795569 0.875487
0.821136 0.897245
0.851715 0.913184
0.9 0.9
0.1 0.1
0.104607 0.097026
0.12261 0.11057
0.142166 0.127184
0.160826 0.145194
0.177427 0.163875
0.191393 0.182845
0.202486 0.201894
0.210683 0.220908
0.216107 0.239837
0.218978 0.258671
0.219583 0.277431
0.218253 0.296156
0.215347 0.314899
0.211239 0.333724
0.206309 0.352703
0.200941 0.371913
0.195517 0.391438
0.190418 0.411366
0.186022  0.43179
0.182707 0.452808
0.180853 0.474523
0.180843 0.497045
0.182928 0.520379
  0.1868 0.544088
0.192002 0.567618
0.198068   0.5904
0.204518 0.611848
0.210859 0.631361
0.216581 0.648317
0.221158  0.66207
0.224043 0.671954
0.224671  0.67728
0.222455  0.67734
0.217016 0.671705
0.208875 0.661152
0.198797 0.646795
 0.18758 0.629796
0.176046 0.611358
0.165045 0.592732
0.155453 0.575205
0.148161 0.560097
 0.14408 0.548757
0.144128  0.54255
0.149228 0.542853
0.159992 0.550623
0.175783 0.565131
0.195624 0.585194
0.218514 0.609591
0.243432 0.637076
0.269345  0.66638
0.295214 0.696225
0.320003 0.725333
0.342687 0.752431
0.362257 0.776266
0.377728 0.795607
0.388438 0.809578
0.394915 0.818605
0.397983  0.82344
0.398464 0.824836
0.397172 0.823544
0.394906 0.820303
0.392446 0.815837
0.390552 0.810858
0.389959 0.806055
0.391376 0.802097
0.395486 0.799632
0.402753 0.799097
0.412851 0.800173
0.425272 0.802363
0.439525 0.805189
0.455129 0.808186
0.471623 0.810909
0.488555 0.812922
0.505488 0.813806
0.521994 0.813148
0.537654 0.810549
0.552057 0.805616
0.564905 0.798121
0.576348 0.788466
0.586636 0.777206
0.596019 0.764891
0.604744 0.752075
 0.61306 0.739314
0.621221 0.727174
0.629482 0.716225
0.638109 0.707042
0.647369 0.700197
0.657536 0.696256
0.668884 0.695759
0.681683 0.699204
0.696195 0.707024
0.712661 0.719547
0.731291 0.736955
0.752252 0.759213
0.775647 0.785968
  0.8015 0.816393
0.829757 0.848867
0.860439 0.880208
0.9 0.9
0.1 0.1
0.116452 0.124024
0.134856 0.152507
0.152453 0.181023
0.168096 0.208123
0.181236 0.233104
0.191641 0.255651
0.199279 0.275686
0.204254 0.293286
0.206758 0.308636
0.207045 0.321991
0.205409 0.333653
0.202168 0.343953
0.197655 0.353239
0.192207 0.361865
0.186163 0.370189
0.179858 0.378568
0.173623 0.387354
0.167787 0.396899
0.162671  0.40755
 0.1586 0.41966
0.155895 0.433582
0.154885 0.449677
0.155801 0.468152
0.158482 0.488551
0.162662 0.510243
0.168072 0.532586
0.174435 0.554924
0.181469 0.576584
0.188882 0.596872
0.196372 0.615072
0.203624 0.630445
0.210314 0.642226
0.216101 0.649625
0.220721 0.652111
0.224254 0.650263
0.226869 0.644968
0.228744 0.637152
 0.23006 0.627772
0.231004 0.617823
0.231771 0.608331
0.232559 0.600347
0.233574 0.594948
0.235022 0.593223
0.237115 0.596271
0.240031 0.604877
0.243803 0.618547
0.248429 0.636446
0.253903 0.657708
0.260214 0.681451
0.267352 0.706772
0.275302 0.732763
0.284045 0.758513
0.293564 0.783114
0.303837  0.80567
0.314841 0.825301
0.326536 0.841348
0.338825 0.853951
0.351593 0.863457
 0.36473 0.870215
0.378129 0.874581
0.391685 0.876907
0.405295 0.877545
0.418865 0.876842
0.432299 0.875138
0.445511 0.872767
0.458414 0.870052
 0.47094 0.867244
0.483066 0.864329
0.494786 0.861232
0.506089 0.857876
0.516964 0.854191
  0.5274 0.850105
0.537381 0.845549
0.546889 0.840455
0.555905 0.834757
0.564405 0.828389
0.572364 0.821288
0.579786 0.813449
0.586791 0.805091
 0.59353 0.796489
0.600151 0.787918
0.606805 0.779656
0.613648 0.771987
 0.62084 0.765197
0.628546 0.759578
0.636941 0.755425
0.646205 0.753028
0.656522 0.752674
0.668083 0.754633
0.681076 0.759148
0.695689 0.766423
0.712099   0.7766
0.730472 0.789733
0.750951 0.805747
0.773658 0.824384
0.798702   0.8451
0.826231 0.866874
0.856759 0.887703
0.9 0.9
0.1 0.1
0.107043 0.100573
0.117453 0.119693
0.127799 0.142244
0.137433 0.165899
0.146068  0.18958
0.153575 0.212707
0.159919 0.234963
0.165118 0.256198
0.169233 0.276366
0.172347 0.295496
0.174562 0.313666
0.175991  0.33099
0.176752 0.347604
0.176969 0.363662
0.176764 0.379326
0.176261 0.394766
0.175583 0.410156
 0.17485 0.425673
0.174185 0.441496
0.173705 0.457809
0.173532 0.474797
0.173787 0.492652
0.174561  0.51146
0.175832  0.53086
0.177543 0.550374
 0.17964 0.569512
0.182063 0.587772
0.184754 0.604636
0.187648 0.619571
0.190681 0.632025
0.193783 0.641429
0.196881 0.647195
0.199898 0.648718
0.202783 0.645635
  0.2056 0.638615
0.208443 0.628618
0.211408 0.616643
0.214593 0.603727
0.218099 0.590941
0.222024 0.579391
0.226472 0.570209
0.231545 0.564548
0.237343 0.563576
 0.24397 0.568468
 0.25149 0.580028
0.259832 0.597577
0.268886  0.62003
 0.27854 0.646272
0.288677 0.675165
0.29918 0.70555
 0.30993 0.736262
0.320809 0.766134
  0.3317 0.794006
0.342487 0.818737
0.353059 0.839208
0.363335 0.854601
0.373356 0.865205
0.383193  0.87159
0.392918  0.87433
0.402604    0.874
0.412322 0.871168
0.422141   0.8664
0.432133 0.860248
0.442364 0.853252
  0.4529 0.845936
0.463806 0.838809
 0.47511 0.832259
0.486709 0.826249
0.498469 0.820638
 0.51026 0.815291
0.521955 0.810074
0.533429  0.80486
0.544557 0.799523
0.555215 0.793943
0.565279 0.788002
0.574625 0.781586
0.583129 0.774589
0.590725 0.766973
0.597575 0.758979
0.603895 0.750916
0.609901 0.743092
0.615809 0.735822
0.621837 0.729422
0.628209 0.724213
0.635151 0.720518
0.642897  0.71866
0.651682 0.718953
0.661744 0.721698
0.673317 0.727171
0.686624 0.735607
 0.70187 0.747181
0.71923 0.76198
0.738833  0.77997
0.760742 0.800935
0.784922   0.8244
0.811204 0.849479
0.839222 0.874575
0.868344 0.896499
0.9 0.9
0.1 0.1
 0.11417 0.105971
0.132023 0.126411
0.149434 0.148842
0.165092 0.171183
0.178368 0.192507
0.188984 0.212375
0.196873 0.230622
0.202113 0.247248
0.204875 0.262364
0.205395 0.276155
0.203953 0.288853
0.200853 0.300721
0.196417 0.312041
0.190971 0.323106
0.184846 0.334212
0.178367  0.34566
0.171858 0.357749
0.165639 0.370782
0.160023 0.385061
0.155327 0.400894
0.151863 0.418595
0.149951 0.438487
0.149814 0.460733
0.151286 0.484812
0.154096 0.510023
 0.15797 0.535651
0.162626 0.560965
0.167777 0.585213
0.173126 0.607621
0.178366 0.627389
0.183178  0.64369
0.187232 0.655668
0.190185 0.662439
0.191786 0.663413
0.192199 0.659258
0.191699 0.650995
0.190571 0.639687
 0.18911 0.626435
0.187619 0.612385
0.186409 0.598716
0.185799 0.586641
0.186116   0.5774
0.187688 0.572249
0.190847 0.572458
0.195845 0.578931
0.202616 0.591101
0.211003 0.608001
0.220845 0.628635
0.231972 0.651983
0.24421 0.67701
 0.25738 0.702669
0.271299 0.727911
0.285785 0.751694
0.300655 0.772989
0.315728 0.790784
0.330839  0.80435
0.345891 0.813995
0.360802 0.820284
0.375496 0.823786
  0.3899 0.825067
0.403946 0.824687
0.417571 0.823196
0.430715 0.821133
0.443322 0.819022
0.455341 0.817373
0.466723  0.81668
0.477439 0.817279
0.487527 0.818924
 0.49704 0.821238
 0.50603 0.823859
0.514542 0.826433
0.522619  0.82862
  0.5303 0.830092
0.537618 0.830527
0.544603 0.829613
0.551283 0.827044
 0.55768 0.822521
0.563837 0.815875
0.569868 0.807432
0.575906 0.797641
0.582086 0.786945
0.588546 0.775793
0.595428 0.764636
0.602879 0.753933
0.611053  0.74415
0.620112 0.735756
0.630222 0.729227
0.641552 0.725031
0.654276 0.723623
0.668565 0.725434
0.684583 0.730847
0.702485 0.740173
0.722406 0.753623
0.744458 0.771254
0.768723 0.792903
0.795262 0.818086
0.824166 0.845806
0.855865 0.874163
0.9 0.9
0.1 0.1
0.103242 0.118341
0.122929 0.142427
0.144781 0.166624
0.165865 0.189608
0.184777 0.210789
0.200803 0.229937
0.213624 0.247036
0.223176 0.262206
0.229565 0.275656
0.233014 0.287657
0.233825 0.298517
 0.23235 0.308566
0.228978 0.318147
0.224116 0.327607
0.218179 0.337295
0.211587 0.347557
0.204759 0.358737
0.198112 0.371181
0.192058 0.385231
0.187012 0.401236
0.183387 0.419551
0.181602 0.440541
0.181943  0.46438
0.184152 0.490435
0.187826 0.517856
0.192551 0.545781
0.197905 0.573323
0.203453 0.599572
0.208748 0.623591
0.213323  0.64441
0.216699 0.661025
0.218377 0.672401
 0.21784 0.677467
 0.21474 0.675514
0.209454 0.667402
0.202559 0.654429
0.194656 0.637942
0.186364 0.619344
0.178324 0.600084
0.171195  0.58166
0.165649 0.565609
0.162374 0.553499
0.162064 0.546921
0.165416 0.547479
0.172909 0.556296
0.184143 0.572544
0.198475 0.594871
0.215248 0.621883
0.233789 0.652159
0.253414 0.684255
0.273435 0.716714
0.293165 0.748083
0.311922 0.776916
0.329033 0.801789
 0.34384 0.821307
0.355892 0.834488
0.365504 0.841879
0.373185 0.844408
0.379437 0.843006
0.384762 0.838593
0.389651 0.832078
0.394583 0.824354
0.400028  0.81629
0.406436  0.80873
0.414247 0.802493
0.423883  0.79837
0.435601 0.796898
0.449065 0.797702
0.463799 0.800193
0.479345 0.803803
0.495256 0.807982
  0.5111 0.812199
0.526453 0.815941
0.540904 0.818709
0.554047 0.820017
0.565483 0.819391
0.574818 0.816365
0.581803 0.810651
0.586738 0.802635
0.590058 0.792861
 0.59219 0.781871
0.593565 0.770206
0.594616 0.758412
0.595783  0.74704
0.597516 0.736646
0.600272 0.727791
0.604514 0.721034
0.610707 0.716925
0.619312 0.715992
 0.63077 0.718722
0.645492 0.725539
0.663835 0.736769
0.686074 0.752596
0.712367 0.772993
0.742706 0.797629
0.776842 0.825701
0.814201 0.855629
0.853822 0.884247
0.9 0.9
0.1 0.1
0.110859 0.125573
0.126722 0.154792
0.142559 0.183721
0.157086 0.210924
0.169697 0.235719
0.180115 0.257821
0.188263 0.277194
 0.19419 0.293965
0.198035 0.308369
0.199993 0.320717
0.200298 0.331368
0.199208 0.340708
0.196998  0.34914
0.193949 0.357075
0.190344 0.364923
0.186465 0.373094
0.182594 0.381992
0.179008 0.392021
0.175982 0.403581
0.173792 0.417078
0.172714 0.432921
0.173028 0.451527
0.174923 0.473125
0.178219 0.497126
0.182638 0.522729
0.187894 0.549117
0.193695 0.575453
0.199742  0.60088
0.205722 0.624511
0.211315 0.645432
0.216186 0.662697
0.219988 0.675328
0.222361 0.682315
0.223041 0.682982
0.222201 0.678097
 0.22013 0.668829
0.217129 0.656397
0.213509 0.642062
0.209593 0.627134
0.205713  0.61296
0.202212 0.600927
0.199439 0.592448
0.197748 0.588957
  0.1975 0.591898
0.198985 0.602277
 0.20221 0.619315
0.207104 0.641756
0.213593 0.668304
0.221591 0.697641
0.231011 0.728425
0.241756 0.759309
0.253729 0.788944
0.266826 0.815995
0.280941 0.839143
0.295966   0.8571
0.311784 0.868961
0.328235 0.875246
0.345154 0.876827
0.362379  0.87458
 0.37975 0.869372
0.397115 0.862061
0.414329 0.853485
 0.43125 0.844466
0.447744   0.8358
0.463686 0.828258
0.478953 0.822587
0.493445 0.819306
 0.50712 0.818125
0.519951 0.818563
0.531911 0.820157
0.542973 0.822457
0.553107 0.825029
0.562282 0.827455
0.570462 0.829326
0.577608 0.830246
0.583678 0.829829
0.588628 0.827696
0.592463 0.823604
0.595405 0.817823
0.597722 0.810749
0.599685 0.802771
0.601565 0.794283
0.60364 0.78568
0.606195 0.777361
0.609525 0.769731
0.613932 0.763199
0.619726 0.758175
0.627221 0.755065
0.636733 0.754263
0.648568 0.756138
0.663019 0.761018
0.680345 0.769172
0.700766 0.780772
0.724434 0.795859
0.751416 0.814273
0.781668  0.83556
0.815045 0.858779
0.851504 0.882057
0.9 0.9
0.1 0.1
0.115919 0.107093
0.130538 0.127789
0.144228 0.151176
0.156633 0.175464
0.167572 0.199791
0.176985  0.22368
 0.18489 0.246855
0.191358 0.269171
0.196501 0.290565
0.200455 0.311036
0.203372 0.330621
0.205418 0.349387
0.206761 0.367423
0.207574 0.384828
 0.20803 0.401715
0.208302 0.418198
0.208558 0.434398
0.208968 0.450439
0.209699 0.466444
0.210917  0.48254
0.212789 0.498855
0.215483  0.51552
0.219103 0.532586
0.223482 0.549769
0.228383 0.566695
 0.23356 0.582979
 0.23876 0.598228
0.243721 0.612034
0.248171 0.623977
0.251826 0.633625
0.254393 0.640528
0.255564 0.644227
0.255022 0.644246
0.252568 0.640323
0.248508 0.633079
0.243293 0.623388
0.237387 0.612161
0.231274 0.600339
0.225451   0.5889
 0.22043 0.578848
0.216733 0.571211
0.214894 0.567037
0.215452 0.567386
0.218948 0.573321
0.225757 0.585567
0.235575 0.603487
0.247915 0.626073
0.262279 0.652288
0.278153  0.68107
0.295017 0.711342
0.312349 0.742017
0.329624 0.772008
0.346321 0.800234
0.361928 0.825629
0.375943 0.847149
0.388008 0.864023
0.398304  0.87647
0.407146 0.884967
 0.41485 0.889994
 0.42173 0.892034
0.428095 0.891568
 0.43425 0.889072
0.440492 0.885017
0.447109 0.879861
 0.45438 0.874052
0.462576 0.868025
 0.47188 0.862116
0.482178 0.856307
0.493283 0.850494
0.505011 0.844577
0.517186 0.838458
0.529634 0.832041
0.542182 0.825232
0.554665 0.817939
0.566914 0.810072
0.578766 0.801544
0.590056 0.792272
 0.60067 0.782245
0.610688 0.771734
0.620238 0.761078
0.629445 0.750621
0.638432 0.740707
0.647327 0.731688
0.656259 0.723922
0.665361 0.717768
0.674773 0.713588
0.684639 0.711739
0.695109 0.712566
0.706338 0.716387
0.718483 0.723484
0.731702 0.734078
0.746149 0.748301
0.761975  0.76616
0.779314 0.787481
0.798293 0.811825
0.819027 0.838346
0.841661 0.865505
0.866575  0.89028
0.9 0.9
0.1 0.1
0.119501 0.117857
0.142384 0.142925
0.164781 0.168561
0.185073 0.193228
0.202451 0.216209
0.216536 0.237182
0.227221 0.256058
 0.23458 0.272895
 0.23881 0.287852
0.240195 0.301156
0.239071 0.313075
0.235813 0.323907
0.230816 0.333963
0.224486 0.343563
0.217232 0.353029
 0.20946 0.362684
0.201572 0.372848
0.193965 0.383839
0.187032 0.395976
0.181163 0.409581
0.176748  0.42498
0.174181 0.442506
0.173735 0.462333
0.175185  0.48396
0.178171 0.506706
0.182329 0.529878
0.187283 0.552767
0.192649 0.574643
 0.19803 0.594757
0.203016 0.612333
0.207182  0.62657
0.210087 0.636642
0.211274 0.641693
0.210423 0.641163
 0.20782 0.635746
0.203913 0.626488
0.199169 0.614478
0.194069 0.600847
0.189111 0.586763
0.184806 0.573434
0.181678   0.5621
0.180259 0.554023
0.181089 0.550485
0.184709 0.552777
  0.1915 0.561807
0.201189 0.576928
0.213326 0.597077
0.227447 0.621154
0.243077 0.648039
0.259734  0.67659
0.276931 0.705656
0.294179 0.734087
0.310995 0.760737
0.326899 0.784476
0.341425 0.804198
 0.35423 0.819108
0.365449 0.829569
0.375336 0.836235
0.384145 0.839761
0.392129 0.840798
0.399541 0.839991
0.406626 0.837974
0.413628 0.835366
 0.42078 0.832773
0.428312 0.830779
0.436443 0.829952
0.445327 0.830676
0.454884 0.832654
0.464978 0.835435
0.475475 0.838583
0.486244 0.841675
0.497157 0.844305
0.508088 0.846077
0.518911 0.846606
0.529504 0.845517
0.539741 0.842441
0.549503 0.837017
0.558714 0.829038
0.567483  0.81889
0.575963 0.807097
0.584306 0.794182
0.592664 0.780671
0.601196 0.767093
0.610062 0.753985
0.619427 0.741891
0.629463 0.731362
0.640345  0.72295
0.652252 0.717201
0.665363 0.714644
0.679854 0.715775
0.695895 0.721033
 0.71364 0.730772
0.733222 0.745216
0.754743 0.764405
0.778266 0.788106
0.803808 0.815682
0.831365  0.84584
0.861109  0.87606
0.9 0.9
0.1 0.1
0.107706 0.112896
0.124463 0.135982
0.141866 0.160048
 0.15805 0.183301
0.172134 0.204934
0.183699 0.224588
 0.19259 0.242165
0.198829 0.257729
0.202551 0.271453
0.203973 0.283579
0.203362 0.294398
0.201018 0.304228
0.197265 0.313403
0.192434 0.322267
0.186863 0.331165
0.180888 0.340442
0.174845 0.350442
0.169065 0.361509
0.163876 0.373986
0.159608  0.38822
 0.15659 0.404565
0.155153 0.423385
0.155533 0.444868
0.157541  0.46847
0.160882 0.493451
0.165253  0.51906
0.170346 0.544525
0.175842 0.569057
0.181415 0.591841
0.186726 0.612038
0.191424 0.628777
0.195144  0.64116
0.197509 0.648259
0.19825 0.64945
0.197585 0.645421
0.195865 0.637226
0.193452 0.625962
0.190721 0.612767
0.188059 0.598822
0.185863 0.585344
0.184539 0.573584
0.184501 0.564818
0.186168 0.560343
0.189962 0.561465
0.19618 0.56911
0.204628 0.582655
0.214977 0.601064
0.226886 0.623266
0.240007 0.648167
0.253986 0.674656
0.268465 0.701612
0.283087 0.727913
0.297495 0.752443
0.311337 0.774102
0.324268 0.791813
 0.33604 0.804811
0.346759 0.813503
0.356622 0.818589
0.365825 0.820766
0.374566 0.820728
0.383037 0.819159
0.391428  0.81673
0.399926 0.814097
0.408712 0.811896
 0.41796 0.810746
0.427839 0.811244
0.438455 0.813785
0.449675 0.818009
0.461314 0.823389
0.473191 0.829415
 0.48513 0.835593
0.496959 0.841447
0.508507 0.846518
0.519607 0.850356
0.530095 0.852524
0.539807 0.852595
0.548579 0.850149
 0.55632 0.844923
0.563209 0.837271
0.569489 0.827686
0.575404 0.816663
0.581198 0.804693
0.587119 0.792275
0.593423 0.779912
0.600368 0.768116
0.608222 0.757406
0.617254  0.74831
 0.62774 0.741351
0.639948 0.737045
0.654141 0.735888
0.670561 0.738335
0.689424 0.744778
0.710897 0.755516
0.735087 0.770704
0.762008 0.790299
0.791563 0.813961
0.823516   0.8409
0.857609  0.86962
0.9 0.9
0.1 0.1
0.120802  0.10778
0.135988 0.128264
0.149495 0.151321
0.161466  0.17529
0.171944 0.199368
0.180982 0.223097
0.188658 0.246206
0.195071  0.26854
0.200335 0.290022
0.204576 0.310629
0.207928 0.330376
0.210529 0.349304
0.212517 0.367475
0.214033 0.384961
0.215212 0.401846
0.216192 0.418219
0.217104 0.434171
0.218081 0.449797
0.219252 0.465192
0.220745 0.480455
0.222687 0.495684
0.225208 0.510977
0.228387  0.52638
 0.23211 0.541699
 0.23621 0.556679
0.240514 0.571058
0.244843 0.584566
0.249011 0.596926
0.252823 0.607851
0.256078 0.617047
0.258564 0.624208
0.260061 0.629022
 0.26034 0.631166
0.259256 0.630469
0.257031 0.627381
0.253988 0.622531
0.250459 0.616573
0.246791 0.610186
 0.24334 0.604071
0.240472 0.598952
0.238563 0.595568
0.237994 0.594673
0.239152 0.597028
0.242425 0.603398
0.248088 0.614313
0.255967 0.629362
0.265763 0.647879
0.277168 0.669176
0.289866 0.692545
0.303533 0.717268
0.317846 0.742617
0.332475 0.767864
0.347095 0.792282
0.361384 0.815154
0.375025 0.835775
0.387778 0.853584
0.399682 0.868534
0.410846 0.880718
0.421383 0.890234
0.431406  0.89719
0.441028 0.901701
0.450363 0.903887
0.459522  0.90387
0.468615 0.901777
0.477749 0.897733
0.487028 0.891865
 0.49653 0.884316
0.506252 0.875313
0.516165 0.865096
0.526242 0.853895
0.536454 0.841933
0.546772 0.829421
0.557164 0.816564
0.567597  0.80356
0.578036 0.790601
0.588444 0.777876
0.598781 0.765574
0.609022 0.753882
0.619192 0.742984
0.629331 0.733068
0.639477 0.724329
0.649668 0.716966
0.659945 0.711185
0.670349 0.707195
0.680928 0.705209
0.691731 0.705436
0.702816 0.708076
0.714246 0.713316
 0.72609 0.721312
0.738425 0.732184
0.751339 0.745991
0.764927 0.762711
0.779297 0.782205
0.794574 0.804173
0.810908 0.828073
0.828504 0.852991
0.847687 0.877356
0.869192 0.898091
0.9 0.9
0.1 0.1
0.120551 0.113858
0.137313 0.135819
 0.15241 0.159684
0.165566 0.184308
0.176636 0.209104
 0.18559 0.233723
0.192492 0.257948
0.197464 0.281643
0.200676 0.304729
0.202324 0.327167
0.202625 0.348947
0.201806 0.370081
0.200101 0.390596
0.197742 0.410529
0.194962 0.429928
0.191988 0.448845
0.189046 0.467336
0.186356  0.48546
0.184137 0.503276
0.182604 0.520847
0.181975 0.538233
0.182469 0.555499
0.184232 0.572646
0.187116 0.589424
0.190892 0.605514
0.195327  0.62059
0.200181 0.634312
0.205207 0.646329
0.21015 0.65628
0.214744 0.663789
0.218714 0.668469
0.221773 0.669921
0.223624 0.667737
 0.22406 0.661712
0.223287 0.652495
0.221618  0.64098
0.219381 0.628098
 0.21691 0.614813
0.214555 0.602124
0.212673 0.591056
0.211627 0.582663
0.211792 0.578013
0.213542 0.578189
0.217257 0.584277
0.223195 0.597006
 0.23114 0.615678
0.240741 0.639209
 0.25164 0.666483
0.263474 0.696358
0.275871 0.727675
 0.28846 0.759267
0.300869 0.789967
0.312729 0.818616
0.323679 0.844071
0.333365 0.865215
 0.34156 0.881234
0.348513 0.892444
 0.35459 0.899444
0.360154 0.902839
0.365562 0.903232
0.371165 0.901222
0.377302   0.8974
0.384305 0.892348
0.392493 0.886631
0.402173 0.880799
0.413641 0.875387
 0.42707 0.870787
0.442177 0.866882
0.458577 0.863434
0.475896 0.860214
0.493773 0.856999
0.511857 0.853572
0.529808 0.849723
 0.54729 0.845247
0.563978 0.839941
0.579549 0.833612
0.593682 0.826066
0.606157 0.817215
0.617123 0.807365
0.626819 0.796914
0.635479 0.786262
0.643334 0.775811
 0.65062 0.765966
0.657572 0.757135
0.664432  0.74973
0.671451 0.744163
0.678886 0.740838
   0.687 0.740146
0.696062  0.74245
0.706345 0.748069
0.718117 0.757251
0.731637 0.770146
0.747148 0.786759
0.764866 0.806883
0.784968 0.829999
0.807592 0.855097
0.832863 0.880302
 0.86112 0.901779
0.9 0.9
